   20.000000000000004     
 -0.00000000E+00 -7.96488743E+00 -7.18029871E+03  1.25445946E-01 -1.29585106E+02  5.92266097E-03  3.87998098E+00 -1.53688867E-04 -1.59270657E-01 -1.41067713E-05 -6.99040721E-03  4.36733982E-06  3.38537809E-03 -3.72178954E-03 -3.55249039E-06  1.99801981E-05  9.45077350E-07  8.16013923E-07  3.94129174E-07  1.74860126E-07
  7.96488743E+00 -0.00000000E+00 -1.27302179E+01 -1.25666891E+04 -2.91279999E-01 -2.96614421E+02  1.65290490E-02  1.05498065E+01 -5.14744497E-04  4.94794519E-01 -5.27591859E-05 -3.07704496E-01  3.31960151E-01  1.27591975E-02 -1.40405359E-02 -1.27862998E-05  8.33749736E-05 -2.08166817E-08 -3.93782229E-06  1.45716772E-08
  7.18029871E+03  1.27302179E+01 -0.00000000E+00 -1.76726205E+01  1.79616914E+04 -5.35838008E-01 -5.26123909E+02  3.53609288E-02  2.16973704E+01  1.29739830E-03  1.14658381E+00 -7.44337925E-04 -7.79542012E-01  8.42615085E-01  3.33865181E-04 -3.91987970E-03  1.69482484E-06 -2.11927177E-04 -7.77156117E-08 -1.26204602E-05
 -1.25445946E-01  1.25666891E+04  1.76726205E+01 -0.00000000E+00  2.32019053E+01  2.34413264E+04 -8.83741803E-01 -8.23386470E+02  6.62831637E-02 -3.86704715E+01  2.82215362E-03  3.89682787E+01 -4.12470885E+01 -1.68136862E+00  1.81891084E+00  9.44874821E-04 -9.30154599E-03 -2.11081153E-06  5.38625394E-04 -1.08246745E-07
  1.29585106E+02  2.91279999E-01 -1.79616914E+04 -2.32019053E+01 -0.00000000E+00 -2.95887697E+01 -2.90297717E+04  1.36689885E+00  1.19357017E+03  1.14585541E-01  6.29583859E+01 -5.49791997E-02 -6.92645487E+01  7.34226336E+01  1.57018549E-02 -2.85800373E-01 -9.34669009E-06 -1.77140975E-02 -5.93622373E-06 -1.22100142E-03
 -5.92266097E-03  2.96614421E+02  5.35838008E-01 -2.34413264E+04  2.95887697E+01 -0.00000000E+00 -3.70959339E+01 -3.47404288E+04  2.02722903E+00 -1.64219929E+03  1.87547930E-01  2.51083202E+03 -2.60715215E+03 -1.14770544E+02  1.21738114E+02  3.17984916E-02 -5.17833811E-01 -8.29006135E-05  3.46424556E-02 -1.26725019E-05
 -3.87998098E+00 -1.65290490E-02  5.26123909E+02  8.83741803E-01  2.90297717E+04  3.70959339E+01 -0.00000000E+00 -4.60193752E+01 -4.05836251E+04 -2.91993270E+00 -2.17528188E+03  2.35256981E+00  3.61533143E+03 -3.75846651E+03  3.69184623E+00  7.38823824E+00 -4.92198088E-03  8.29501446E-01  1.73543124E-04  6.37311891E-02
  1.53688867E-04 -1.05498065E+01 -3.53609288E-02  8.23386470E+02 -1.36689885E+00  3.47404288E+04  4.60193752E+01 -0.00000000E+00 -5.67137295E+01  4.65688757E+04 -4.11790483E+00 -1.00548194E+05  1.03351101E+05  5.02165241E+03 -5.22290483E+03  5.50636530E+00  1.10683390E+01  4.90046684E-03 -1.36017977E+00  3.47063003E-04
  1.59270657E-01  5.14744497E-04 -2.16973704E+01 -6.62831637E-02 -1.19357017E+03 -2.02722903E+00  4.05836251E+04  5.67137295E+01 -0.00000000E+00  6.96164132E+01  5.27057658E+04 -5.06390391E+01 -1.24418833E+05  1.28002078E+05 -6.61999721E+02  3.86649570E+02 -3.07657316E-02 -2.44559077E+01 -8.62518043E-03 -2.14954493E+00
  1.41067713E-05 -4.94794519E-01 -1.29739830E-03  3.86704715E+01 -1.14585541E-01  1.64219929E+03  2.91993270E+00 -4.65688757E+04 -6.96164132E+01 -0.00000000E+00 -8.52760051E+01 -2.67464317E+06  2.73371413E+06  1.51172015E+05 -1.55596774E+05  8.69666424E+02 -5.08840415E+02  8.57089615E-02 -3.50571604E+01  1.48233717E-02
  6.99040721E-03  5.27591859E-05 -1.14658381E+00 -2.82215362E-03 -6.29583859E+01 -1.87547930E-01  2.17528188E+03  4.11790483E+00 -5.27057658E+04  8.52760051E+01 -0.00000000E+00 -5.59932735E+02 -2.93945375E+06  3.00568043E+06 -2.89571669E+04  2.35658888E+04  1.39826594E+00 -4.70924786E+02 -1.37338239E-01 -4.91127385E+01
 -4.36733982E-06  3.07704496E-01  7.44337925E-04 -3.89682787E+01  5.49791997E-02 -2.51083202E+03 -2.35256981E+00  1.00548194E+05  5.06390391E+01  2.67464317E+06  5.59932735E+02 -0.00000000E+00  4.98179059E+07  6.49712418E+06  4.67182138E+07  3.32730251E+04  5.97136451E+03  2.24595629E+00 -2.11998295E+03  5.29206012E-01
 -3.38537809E-03 -3.31960151E-01  7.79542012E-01  4.12470885E+01  6.92645487E+01  2.60715215E+03 -3.61533143E+03 -1.03351101E+05  1.24418833E+05 -2.73371413E+06  2.93945375E+06 -4.98179059E+07 -0.00000000E+00  4.64927367E+07  3.52889373E+06 -3.91789029E+04 -3.28505839E+04 -4.49329460E+04  1.51034147E+03 -2.67271667E+03
  3.72178954E-03 -1.27591975E-02 -8.42615085E-01  1.68136862E+00 -7.34226336E+01  1.14770544E+02  3.75846651E+03 -5.02165241E+03 -1.28002078E+05 -1.51172015E+05 -3.00568043E+06 -6.49712418E+06 -4.64927367E+07 -0.00000000E+00  4.97440526E+07  2.38433160E+05 -4.26198608E+04  3.73469294E+04  5.09395863E+04  1.89766853E+03
  3.55249039E-06  1.40405359E-02 -3.33865181E-04 -1.81891084E+00 -1.57018549E-02 -1.21738114E+02 -3.69184623E+00  5.22290483E+03  6.61999721E+02  1.55596774E+05  2.89571669E+04 -4.67182138E+07 -3.52889373E+06 -4.97440526E+07 -0.00000000E+00 -4.97088777E+07 -5.38481681E+07 -4.06839626E+06 -4.22615529E+04 -3.32423642E+05
 -1.99801981E-05  1.27862998E-05  3.91987970E-03 -9.44874821E-04  2.85800373E-01 -3.17984916E-02 -7.38823824E+00 -5.50636530E+00 -3.86649570E+02 -8.69666424E+02 -2.35658888E+04 -3.32730251E+04  3.91789029E+04 -2.38433160E+05  4.97088777E+07 -0.00000000E+00 -4.96658359E+07  4.16031139E+06  4.34788500E+06  3.42547475E+05
 -9.45077350E-07 -8.33749736E-05 -1.69482484E-06  9.30154599E-03  9.34669009E-06  5.17833811E-01  4.92198088E-03 -1.10683390E+01  3.07657316E-02  5.08840415E+02 -1.39826594E+00 -5.97136451E+03  3.28505839E+04  4.26198608E+04  5.38481681E+07  4.96658359E+07 -0.00000000E+00  1.71716673E+03 -4.44849553E+06  3.54942794E+02
 -8.16013923E-07  2.08166817E-08  2.11927177E-04  2.11081153E-06  1.77140975E-02  8.29006135E-05 -8.29501446E-01 -4.90046684E-03  2.44559077E+01 -8.57089615E-02  4.70924786E+02 -2.24595629E+00  4.49329460E+04 -3.73469294E+04  4.06839626E+06 -4.16031139E+06 -1.71716673E+03 -0.00000000E+00  3.65528472E+02  1.08694615E+05
 -3.94129174E-07  3.93782229E-06  7.77156117E-08 -5.38625394E-04  5.93622373E-06 -3.46424556E-02 -1.73543124E-04  1.36017977E+00  8.62518043E-03  3.50571604E+01  1.37338239E-01  2.11998295E+03 -1.51034147E+03 -5.09395863E+04  4.22615529E+04 -4.34788500E+06  4.44849553E+06 -3.65528472E+02 -0.00000000E+00 -4.56726513E+02
 -1.74860126E-07 -1.45716772E-08  1.26204602E-05  1.08246745E-07  1.22100142E-03  1.26725019E-05 -6.37311891E-02 -3.47063003E-04  2.14954493E+00 -1.48233717E-02  4.91127385E+01 -5.29206012E-01  2.67271667E+03 -1.89766853E+03  3.32423642E+05 -3.42547475E+05 -3.54942794E+02 -1.08694615E+05  4.56726513E+02 -0.00000000E+00
   19.701176258822098     
 -0.00000000E+00 -8.62142301E+00 -7.18385803E+03  1.40706632E-01  5.22545157E+03 -5.35929923E+03  1.05010345E+01 -6.41274132E+00 -4.85537736E-03  1.67513516E-01 -1.71682113E-05  7.52602217E-03 -5.34988720E-07 -3.67432473E-04 -8.88178420E-08  1.95225780E-05  2.49800181E-08  8.57647287E-07 -2.63677968E-08  5.13478149E-08
  8.62142301E+00 -0.00000000E+00 -1.38334703E+01 -1.25772230E+04  3.81929715E+00  1.17965228E+04 -1.21071499E+04  2.82872940E+01  6.32441157E+02  5.92564886E-04  5.21133788E-01  6.31293628E-05  2.61457384E-02 -2.35089725E-06  1.40186196E-03  2.99760217E-07  8.09047274E-05  5.27355937E-08 -4.80726570E-06 -5.89805982E-08
  7.18385803E+03  1.38334703E+01 -0.00000000E+00 -1.92831395E+01 -8.63128467E+05  8.81118483E+05 -3.58052769E+03  3.02909656E+03  7.19432443E-01 -2.25476631E+01  1.50376933E-03 -1.20939889E+00  1.74452119E-04  6.71510361E-02  7.44265760E-06 -3.92943456E-03  9.47852907E-07 -2.44619949E-04 -2.82759927E-08 -1.55934293E-05
 -1.40706632E-01  1.25772230E+04  1.92831395E+01 -0.00000000E+00 -1.71274068E+02 -1.11790800E+06  1.14158269E+06 -5.40301137E+03 -6.99776166E+04 -7.64904820E-02 -4.02380474E+01 -3.29528488E-03 -2.40555188E+00  4.12155032E-04 -1.46726516E-01 -1.97310918E-05 -9.32082606E-03 -3.10307335E-06  6.24273550E-04 -3.54577478E-07
 -5.22545157E+03 -3.81929715E+00  8.63128467E+05  1.71274068E+02 -0.00000000E+00  4.99729582E+07  5.13874683E+07 -1.45241924E+04  3.36118982E+01 -8.74009217E+03  9.10267209E-02 -2.40124733E+02  2.34527564E-02  6.10219354E+00 -6.87713775E-05 -2.75275910E-01  1.17920951E-04 -1.77724932E-02 -7.16787740E-07 -1.18285902E-03
  5.35929923E+03 -1.17965228E+04 -8.81118483E+05  1.11790800E+06 -4.99729582E+07 -0.00000000E+00  4.99593949E+07  2.46249224E+05 -3.31528747E+06  7.50094561E+03 -1.16444828E+04  1.74360948E+02 -3.65602933E+02 -1.72881172E+00 -1.03281990E+01 -1.31665165E-02 -5.04668580E-01 -2.28194720E-03  3.48121088E-02 -2.41767717E-04
 -1.05010345E+01  1.21071499E+04  3.58052769E+03 -1.14158269E+06 -5.13874683E+07 -4.99593949E+07 -0.00000000E+00 -4.99443622E+07  5.16656220E+07 -1.91089218E+06  9.97375230E+03 -8.06843375E+04  2.67915166E+02  3.72450493E+03  3.25080462E+00 -1.90225621E+02 -4.73645228E-03 -1.07721408E+01  2.73450571E-03 -6.78378068E-01
  6.41274132E+00 -2.82872940E+01 -3.02909656E+03  5.40301137E+03  1.45241924E+04 -2.46249224E+05  4.99443622E+07 -0.00000000E+00  4.99252870E+07  1.95118863E+06 -2.17464705E+06  8.28984886E+04 -1.02279704E+05 -3.86707058E+03 -5.17793684E+03  2.01476338E+02 -2.86863217E+02  1.16473866E+01  1.74828016E+01  7.47562816E-01
  4.85537736E-03 -6.32441157E+02 -7.19432443E-01  6.99776166E+04 -3.36118982E+01  3.31528747E+06 -5.16656220E+07 -4.99252870E+07 -0.00000000E+00  3.38998798E+02  2.18117266E+06 -4.81293806E+01 -1.36490386E+05  4.49338344E+00 -6.45756626E+03 -5.05331680E-01 -3.20212560E+02 -2.45798091E-02  1.88825124E+01 -3.99748936E-03
 -1.67513516E-01 -5.92564886E-04  2.25476631E+01  7.64904820E-02  8.74009217E+03 -7.50094561E+03  1.91089218E+06 -1.95118863E+06 -3.38998798E+02 -0.00000000E+00 -7.82444845E+01  5.29102948E+04 -6.69436044E+00 -3.66257648E+03 -8.03126297E-01  2.82659170E+02 -6.39392234E-02  2.60696728E+01  1.08922229E-02  2.35537327E+00
  1.71682113E-05 -5.21133788E-01 -1.50376933E-03  4.02380474E+01 -9.10267209E-02  1.16444828E+04 -9.97375230E+03  2.17464705E+06 -2.18117266E+06  7.82444845E+01 -0.00000000E+00  9.64179150E+01  5.92658814E+04 -9.24979076E+00  4.52940665E+03  1.19059371E+00  3.77870013E+02  1.05167326E-01 -3.74497599E+01  1.88988956E-02
 -7.52602217E-03 -6.31293628E-05  1.20939889E+00  3.29528488E-03  2.40124733E+02 -1.74360948E+02  8.06843375E+04 -8.28984886E+04  4.81293806E+01 -5.29102948E+04 -9.64179150E+01 -0.00000000E+00 -1.18776041E+02 -6.58043212E+04 -1.26775610E+01  5.51842696E+03 -1.74386947E+00  4.95446113E+02  1.70194774E-01  5.25826606E+01
  5.34988720E-07 -2.61457384E-02 -1.74452119E-04  2.40555188E+00 -2.34527564E-02  3.65602933E+02 -2.67915166E+02  1.02279704E+05  1.36490386E+05  6.69436044E+00 -5.92658814E+04  1.18776041E+02 -0.00000000E+00 -1.46445290E+02  7.25388614E+04  1.72775003E+01  6.64048178E+03  2.53184532E+00 -6.39123812E+02  2.72034649E-01
  3.67432473E-04  2.35089725E-06 -6.71510361E-02 -4.12155032E-04 -6.10219354E+00  1.72881172E+00 -3.72450493E+03  3.86707058E+03 -4.49338344E+00  3.66257648E+03  9.24979076E+00  6.58043212E+04  1.46445290E+02 -0.00000000E+00  1.80895689E+02 -7.94841904E+04  2.34607495E+01 -7.90769989E+03 -3.65337459E+00 -8.13182277E+02
  8.88178420E-08 -1.40186196E-03 -7.44265760E-06  1.46726516E-01  6.87713775E-05  1.03281990E+01 -3.25080462E+00  5.17793684E+03  6.45756626E+03  8.03126297E-01 -4.52940665E+03  1.26775610E+01 -7.25388614E+04 -1.80895689E+02 -0.00000000E+00  2.24062755E+02  8.66567068E+04  3.17955897E+01 -9.33369944E+03  5.25146771E+00
 -1.95225780E-05 -2.99760217E-07  3.92943456E-03  1.97310918E-05  2.75275910E-01  1.31665165E-02  1.90225621E+02 -2.01476338E+02  5.05331680E-01 -2.82659170E+02 -1.19059371E+00 -5.51842696E+03 -1.72775003E+01  7.94841904E+04 -2.24062755E+02 -0.00000000E+00 -2.78518581E+02  9.40748297E+04  4.30743793E+01  1.09338354E+04
 -2.49800181E-08 -8.09047274E-05 -9.47852907E-07  9.32082606E-03 -1.17920951E-04  5.04668580E-01  4.73645228E-03  2.86863217E+02  3.20212560E+02  6.39392234E-02 -3.77870013E+02  1.74386947E+00 -6.64048178E+03 -2.34607495E+01 -8.66567068E+04  2.78518581E+02 -0.00000000E+00  3.47714711E+02 -1.01759368E+05  5.84126577E+01
 -8.57647287E-07 -5.27355937E-08  2.44619949E-04  3.10307335E-06  1.77724932E-02  2.28194720E-03  1.07721408E+01 -1.16473866E+01  2.45798091E-02 -2.60696728E+01 -1.05167326E-01 -4.95446113E+02 -2.53184532E+00  7.90769989E+03 -3.17955897E+01 -9.40748297E+04 -3.47714711E+02 -0.00000000E+00  4.36331500E+02  1.09733972E+05
  2.63677968E-08  4.80726570E-06  2.82759927E-08 -6.24273550E-04  7.16787740E-07 -3.48121088E-02 -2.73450571E-03 -1.74828016E+01 -1.88825124E+01 -1.08922229E-02  3.74497599E+01 -1.70194774E-01  6.39123812E+02  3.65337459E+00  9.33369944E+03 -4.30743793E+01  1.01759368E+05 -4.36331500E+02 -0.00000000E+00 -5.50786783E+02
 -5.13478149E-08  5.89805982E-08  1.55934293E-05  3.54577478E-07  1.18285902E-03  2.41767717E-04  6.78378068E-01 -7.47562816E-01  3.99748936E-03 -2.35537327E+00 -1.88988956E-02 -5.25826606E+01 -2.72034649E-01  8.13182277E+02 -5.25146771E+00 -1.09338354E+04 -5.84126577E+01 -1.09733972E+05  5.50786783E+02 -0.00000000E+00
   19.406817299058773     
 -0.00000000E+00  9.72963071E-07  5.61878202E-06 -3.82538220E-06  2.72721918E-07 -7.67302818E-07  2.55093245E-07 -4.50961626E-07 -4.17368547E-07 -3.48173987E-07  5.78482970E-07 -1.46375779E-06  1.78222484E-06 -3.31097548E-06 -8.54846660E-07  1.26380435E-06 -6.96628881E-07 -1.33088122E-06 -3.92857829E-07 -6.34423194E-08
 -9.72963071E-07 -0.00000000E+00 -9.33328432E+00 -7.18754278E+03 -1.57874457E-01 -1.38135040E+02 -7.68124106E-03  4.17411217E+00  2.07362599E-04  1.76348027E-01 -1.97526023E-05  8.11079155E-03  1.13901943E-06 -4.07148620E-04 -6.19643226E-07  2.20580498E-05 -2.74086309E-07  1.25871535E-06  1.94289029E-08 -9.99200722E-08
 -5.61878202E-06  9.33328432E+00 -0.00000000E+00 -1.50363077E+01  1.25881318E+04 -3.70045139E-01  3.16681577E+02  2.16210445E-02 -1.13771920E+01  6.80350914E-04  5.49414775E-01  7.44675155E-05  2.82228518E-02 -2.41195952E-06  1.55575969E-03  2.79914980E-06  9.13311093E-05 -1.61398672E-06 -6.72656375E-06 -2.49800181E-08
  3.82538220E-06  7.18754278E+03  1.50363077E+01 -0.00000000E+00  2.10489726E+01  1.80056024E+04  6.87382624E-01 -5.62640819E+02 -4.67020582E-02 -2.34584428E+01  1.74668890E-03 -1.27700133E+00  2.10102769E-04  7.26421354E-02  9.67004254E-06 -4.37226227E-03  1.86448079E-06 -2.80598461E-04  4.45303516E-07 -1.91225508E-05
 -2.72721918E-07  1.57874457E-01 -1.25881318E+04 -2.10489726E+01 -0.00000000E+00 -2.78784897E+01  2.35169770E+04  1.14522383E+00 -8.82049020E+02  8.84261969E-02  4.19201342E+01  3.85547150E-03  2.54412767E+00 -5.04110642E-04  1.59049991E-01  2.66887207E-05  1.03971057E-02  1.96093142E-06 -7.22908539E-04  3.85802501E-07
  7.67302818E-07  1.38135040E+02  3.70045139E-01 -1.80056024E+04  2.78784897E+01 -0.00000000E+00  3.58831198E+01 -2.91475574E+04 -1.79017198E+00 -1.28090915E+03  1.54511590E-01 -6.84385810E+01  7.76276265E-03  4.58923701E+00  1.08530650E-03 -3.13370779E-01  5.97966121E-05 -2.21590329E-02 -9.33905731E-06 -1.65141095E-03
 -2.55093245E-07  7.68124106E-03 -3.16681577E+02 -6.87382624E-01 -2.35169770E+04 -3.58831198E+01 -0.00000000E+00  4.54282431E+01 -3.49120162E+04  2.68450606E+00  1.76569597E+03  2.55796088E-01  1.04902200E+02 -1.46711136E-02  7.71470377E+00  2.18327439E-03  5.72376964E-01  1.33731221E-04 -4.36102640E-02  2.16646145E-05
  4.50961626E-07 -4.17411217E+00 -2.16210445E-02  5.62640819E+02 -1.14522383E+00  2.91475574E+04 -4.54282431E+01 -0.00000000E+00  5.69392239E+01  4.08221233E+04 -3.91177521E+00  2.34350918E+03 -4.07565030E-01 -1.53446068E+02 -2.64463465E-02  1.22992220E+01 -4.18359895E-03  9.87044657E-01  2.83601614E-04  8.07654207E-02
  4.17368547E-07 -2.07362599E-04  1.13771920E+01  4.67020582E-02  8.82049020E+02  1.79017198E+00  3.49120162E+04 -5.69392239E+01 -0.00000000E+00 -7.09392306E+01 -4.68890358E+04 -5.58445338E+00 -3.02218364E+03  6.31411393E-01 -2.16491270E+02 -4.60499985E-02 -1.88126146E+01 -7.71927661E-03  1.62678043E+00 -5.82809495E-04
  3.48173987E-07 -1.76348027E-01 -6.80350914E-04  2.34584428E+01 -8.84261969E-02  1.28090915E+03 -2.68450606E+00 -4.08221233E+04  7.09392306E+01 -0.00000000E+00 -8.80873124E+01  5.31242144E+04 -7.85461381E+00 -3.81040111E+03 -9.57990671E-01  2.96791211E+02 -7.80948958E-02  2.78339521E+01  1.38256209E-02  2.58478744E+00
 -5.78482970E-07  1.97526023E-05 -5.49414775E-01 -1.74668890E-03 -4.19201342E+01 -1.54511590E-01 -1.76569597E+03  3.91177521E+00  4.68890358E+04  8.80873124E+01 -0.00000000E+00  1.09228024E+02  5.95399053E+04 -1.09290387E+01  4.71781695E+03  1.43108109E+00  3.97486904E+02  1.29733347E-01 -4.00736192E+01  2.42334243E-02
  1.46375779E-06 -8.11079155E-03 -7.44675155E-05  1.27700133E+00 -3.85547150E-03  6.84385810E+01 -2.55796088E-01 -2.34350918E+03  5.58445338E+00 -5.31242144E+04 -1.09228024E+02 -0.00000000E+00 -1.35454927E+02 -6.61494710E+04 -1.50907663E+01  5.75520742E+03 -2.11343181E+00  5.22173591E+02  2.12179970E-01  5.64004352E+01
 -1.78222484E-06 -1.13901943E-06 -2.82228518E-02 -2.10102769E-04 -2.54412767E+00 -7.76276265E-03 -1.04902200E+02  4.07565030E-01  3.02218364E+03  7.85461381E+00 -5.95399053E+04  1.35454927E+02 -0.00000000E+00 -1.68198025E+02  7.29676768E+04  2.07297897E+01  6.93464501E+03  3.09574885E+00 -6.74981294E+02  3.42995550E-01
  3.31097548E-06  4.07148620E-04  2.41195952E-06 -7.26421354E-02  5.04110642E-04 -4.58923701E+00  1.46711136E-02  1.53446068E+02 -6.31411393E-01  3.81040111E+03  1.09290387E+01  6.61494710E+04  1.68198025E+02 -0.00000000E+00  2.09345479E+02 -8.00109824E+04  2.83878889E+01 -8.26970832E+03 -4.51016226E+00 -8.60673219E+02
  8.54846660E-07  6.19643226E-07 -1.55575969E-03 -9.67004254E-06 -1.59049991E-01 -1.08530650E-03 -7.71470377E+00  2.64463465E-02  2.16491270E+02  9.57990671E-01 -4.71781695E+03  1.50907663E+01 -7.29676768E+04 -2.09345479E+02 -0.00000000E+00  2.61413724E+02  8.72978660E+04  3.88243782E+01 -9.77573583E+03  6.55090514E+00
 -1.26380435E-06 -2.20580498E-05 -2.79914980E-06  4.37226227E-03 -2.66887207E-05  3.13370779E-01 -2.18327439E-03 -1.22992220E+01  4.60499985E-02 -2.96791211E+02 -1.43108109E+00 -5.75520742E+03 -2.07297897E+01  8.00109824E+04 -2.61413724E+02 -0.00000000E+00 -3.27790906E+02  9.48492051E+04  5.31138287E+01  1.14701358E+04
  6.96628881E-07  2.74086309E-07 -9.13311093E-05 -1.86448079E-06 -1.03971057E-02 -5.97966121E-05 -5.72376964E-01  4.18359895E-03  1.88126146E+01  7.80948958E-02 -3.97486904E+02  2.11343181E+00 -6.93464501E+03 -2.83878889E+01 -8.72978660E+04  3.27790906E+02 -0.00000000E+00  4.13087698E+02 -1.02688739E+05  7.27931353E+01
  1.33088122E-06 -1.25871535E-06  1.61398672E-06  2.80598461E-04 -1.96093142E-06  2.21590329E-02 -1.33731221E-04 -9.87044657E-01  7.71927661E-03 -2.78339521E+01 -1.29733347E-01 -5.22173591E+02 -3.09574885E+00  8.26970832E+03 -3.88243782E+01 -9.48492051E+04 -4.13087698E+02 -0.00000000E+00  5.23650804E+02  1.10843642E+05
  3.92857829E-07 -1.94289029E-08  6.72656375E-06 -4.45303516E-07  7.22908539E-04  9.33905731E-06  4.36102640E-02 -2.83601614E-04 -1.62678043E+00 -1.38256209E-02  4.00736192E+01 -2.12179970E-01  6.74981294E+02  4.51016226E+00  9.77573583E+03 -5.31138287E+01  1.02688739E+05 -5.23650804E+02 -0.00000000E+00 -6.68320721E+02
  6.34423194E-08  9.99200722E-08  2.49800181E-08  1.91225508E-05 -3.85802501E-07  1.65141095E-03 -2.16646145E-05 -8.07654207E-02  5.82809495E-04 -2.58478744E+00 -2.42334243E-02 -5.64004352E+01 -3.42995550E-01  8.60673219E+02 -6.55090514E+00 -1.14701358E+04 -7.27931353E+01 -1.10843642E+05  6.68320721E+02 -0.00000000E+00
   19.116856411575736     
 -0.00000000E+00  4.09722488E-07  7.66942197E-07  1.64147360E-06 -2.30255686E-06  1.58661497E-06 -7.68021044E-07  5.68924950E-07 -2.16316502E-06  2.56502293E-06 -1.53711377E-06  4.19838461E-08  8.64236574E-08 -7.58635388E-08 -1.74918988E-06 -7.46599226E-07  5.98058827E-08 -1.12976065E-06  1.05848406E-06  2.57461315E-07
 -4.09722488E-07 -0.00000000E+00 -1.01053711E+01 -7.19135828E+03 -1.77213536E-01 -1.42632361E+02 -8.76260106E-03  4.33628747E+00  2.26364760E-04  1.85826058E-01 -2.71248302E-05  8.74708084E-03 -9.86016824E-07 -4.50799120E-04 -2.81302759E-06  2.44165799E-05 -1.97064587E-07  2.80331314E-07  1.73749903E-06  4.87110352E-07
 -7.66942197E-07  1.01053711E+01 -0.00000000E+00 -1.63479695E+01  1.25994317E+04 -4.17341011E-01  3.27262282E+02  2.47909061E-02 -1.18345257E+01  8.12654458E-04  5.79810766E-01  7.59010910E-05  3.04936874E-02 -1.83214555E-05  1.70529840E-03  3.59434704E-07  1.02615139E-04 -6.28663788E-06 -1.51129109E-06  4.71983563E-06
 -1.64147360E-06  7.19135828E+03  1.63479695E+01 -0.00000000E+00  2.29861232E+01  1.80287751E+04  7.79335948E-01 -5.81943008E+02 -5.37951607E-02 -2.44344044E+01  2.04285477E-03 -1.34983981E+00  2.75311718E-04  7.86832613E-02  3.46292439E-05 -4.87218182E-03  5.62050406E-06 -3.19823334E-04 -6.14439055E-07 -2.81269799E-05
  2.30255686E-06  1.77213536E-01 -1.25994317E+04 -2.29861232E+01 -0.00000000E+00 -3.05859935E+01  2.35569709E+04  1.30542849E+00 -9.13137916E+02  1.02380379E-01  4.37259960E+01  4.54316307E-03  2.69385820E+00 -6.02559669E-04  1.72629484E-01  3.47062656E-05  1.16153868E-02  1.13499488E-05 -8.43449616E-04 -3.35773076E-06
 -1.58661497E-06  1.42632361E+02  4.17341011E-01 -1.80287751E+04  3.05859935E+01 -0.00000000E+00  3.95610238E+01 -2.92099531E+04 -2.05206238E+00 -1.32732210E+03  1.79993317E-01 -7.14926902E+01  9.21169946E-03  4.86801295E+00  1.35892391E-03 -3.40867081E-01  7.95905009E-05 -2.48168028E-02 -1.19057542E-05 -1.92204377E-03
  7.68021044E-07  8.76260106E-03 -3.27262282E+02 -7.79335948E-01 -2.35569709E+04 -3.95610238E+01 -0.00000000E+00  5.03445288E+01 -3.50031150E+04  3.09537510E+00  1.83151165E+03  2.99796512E-01  1.09754340E+02 -1.75001388E-02  8.19871599E+00  2.71365014E-03  6.24090660E-01  1.74806003E-04 -4.90069728E-02  2.87292759E-05
 -5.68924950E-07 -4.33628747E+00 -2.47909061E-02  5.81943008E+02 -1.30542849E+00  2.92099531E+04 -5.03445288E+01 -0.00000000E+00  6.34482019E+01  4.09490507E+04 -4.53856466E+00  2.43343319E+03 -4.80786612E-01 -1.60806691E+02 -3.18407023E-02  1.30968136E+01 -5.23831256E-03  1.07897294E+00  3.69750758E-04  9.10565984E-02
  2.16316502E-06 -2.26364760E-04  1.18345257E+01  5.37951607E-02  9.13137916E+02  2.05206238E+00  3.50031150E+04 -6.34482019E+01 -0.00000000E+00 -7.95093877E+01 -4.70598635E+04 -6.52180346E+00 -3.14165064E+03  7.50081927E-01 -2.27267878E+02 -5.59671482E-02 -2.00747116E+01 -9.74448716E-03  1.78308945E+00 -7.63825114E-04
 -2.56502293E-06 -1.85826058E-01 -8.12654458E-04  2.44344044E+01 -1.02380379E-01  1.32732210E+03 -3.09537510E+00 -4.09490507E+04  7.95093877E+01 -0.00000000E+00 -9.93406185E+01  5.33481056E+04 -9.23670056E+00 -3.96569708E+03 -1.14668776E+00  3.12132898E+02 -9.58647453E-02  2.97674386E+01  1.76567625E-02  2.84129846E+00
  1.53711377E-06  2.71248302E-05 -5.79810766E-01 -2.04285477E-03 -4.37259960E+01 -1.79993317E-01 -1.83151165E+03  4.53856466E+00  4.70598635E+04  9.93406185E+01 -0.00000000E+00  1.23993883E+02  5.98272861E+04 -1.29471821E+01  4.91622609E+03  1.72696255E+00  4.18839676E+02  1.60958696E-01 -4.29587386E+01  3.12697063E-02
 -4.19838461E-08 -8.74708084E-03 -7.59010910E-05  1.34983981E+00 -4.54316307E-03  7.14926902E+01 -2.99796512E-01 -2.43343319E+03  6.52180346E+00 -5.33481056E+04 -1.23993883E+02 -0.00000000E+00 -1.54847668E+02 -6.65122376E+04 -1.80182577E+01  6.00518936E+03 -2.57283317E+00  5.51348874E+02  2.66236772E-01  6.06132549E+01
 -8.64236574E-08  9.86016824E-07 -3.04936874E-02 -2.75311718E-04 -2.69385820E+00 -9.21169946E-03 -1.09754340E+02  4.80786612E-01  3.14165064E+03  9.23670056E+00 -5.98272861E+04  1.54847668E+02 -0.00000000E+00 -1.93723948E+02  7.34194449E+04  2.49597054E+01  7.24605019E+03  3.80458679E+00 -7.14241894E+02  4.35623478E-01
  7.58635388E-08  4.50799120E-04  1.83214555E-05 -7.86832613E-02  6.02559669E-04 -4.86801295E+00  1.75001388E-02  1.60806691E+02 -7.50081927E-01  3.96569708E+03  1.29471821E+01  6.65122376E+04  1.93723948E+02 -0.00000000E+00  2.43058418E+02 -8.05673930E+04  3.44897792E+01 -8.65404164E+03 -5.60029664E+00 -9.12841467E+02
  1.74918988E-06  2.81302759E-06 -1.70529840E-03 -3.46292439E-05 -1.72629484E-01 -1.35892391E-03 -8.19871599E+00  3.18407023E-02  2.27267878E+02  1.14668776E+00 -4.91622609E+03  1.80182577E+01 -7.34194449E+04 -2.43058418E+02 -0.00000000E+00  3.06141230E+02  8.79769603E+04  4.76297685E+01 -1.02464816E+04  8.22612354E+00
  7.46599226E-07 -2.44165799E-05 -3.59434704E-07  4.87218182E-03 -3.47062656E-05  3.40867081E-01 -2.71365014E-03 -1.30968136E+01  5.59671482E-02 -3.12132898E+02 -1.72696255E+00 -6.00518936E+03 -2.49597054E+01  8.05673930E+04 -3.06141230E+02 -0.00000000E+00 -3.87461198E+02  9.56718942E+04  6.58479575E+01  1.20431628E+04
 -5.98058827E-08  1.97064587E-07 -1.02615139E-04 -5.62050406E-06 -1.16153868E-02 -7.95905009E-05 -6.24090660E-01  5.23831256E-03  2.00747116E+01  9.58647453E-02 -4.18839676E+02  2.57283317E+00 -7.24605019E+03 -3.44897792E+01 -8.79769603E+04  3.87461198E+02 -0.00000000E+00  4.93220865E+02 -1.03679397E+05  9.12787985E+01
  1.12976065E-06 -2.80331314E-07  6.28663788E-06  3.19823334E-04 -1.13499488E-05  2.48168028E-02 -1.74806003E-04 -1.07897294E+00  9.74448716E-03 -2.97674386E+01 -1.60958696E-01 -5.51348874E+02 -3.80458679E+00  8.65404164E+03 -4.76297685E+01 -9.56718942E+04 -4.93220865E+02 -0.00000000E+00  6.32092984E+02  1.12030868E+05
 -1.05848406E-06 -1.73749903E-06  1.51129109E-06  6.14439055E-07  8.43449616E-04  1.19057542E-05  4.90069728E-02 -3.69750758E-04 -1.78308945E+00 -1.76567625E-02  4.29587386E+01 -2.66236772E-01  7.14241894E+02  5.60029664E+00  1.02464816E+04 -6.58479575E+01  1.03679397E+05 -6.32092984E+02 -0.00000000E+00 -8.16343404E+02
 -2.57461315E-07 -4.87110352E-07 -4.71983563E-06  2.81269799E-05  3.35773076E-06  1.92204377E-03 -2.87292759E-05 -9.10565984E-02  7.63825114E-04 -2.84129846E+00 -3.12697063E-02 -6.06132549E+01 -4.35623478E-01  9.12841467E+02 -8.22612354E+00 -1.20431628E+04 -9.12787985E+01 -1.12030868E+05  8.16343404E+02 -0.00000000E+00
   18.831227883952334     
 -0.00000000E+00  1.31823711E-06 -2.33281597E-07 -4.81243386E-06 -7.17435732E-06  2.36582746E-06  6.44177496E-06  2.12017302E-06 -5.23635359E-06  5.39661561E-06 -6.79651515E-06 -8.27366472E-07 -4.34261846E-07 -3.34777957E-06 -9.07032235E-07  3.99870546E-06  2.61795941E-06 -5.48296593E-06 -2.24786065E-06  3.18073057E-06
 -1.31823711E-06 -0.00000000E+00 -1.09428574E+01 -7.19531019E+03 -1.98869590E-01 -1.47285615E+02 -9.98318234E-03  4.50950668E+00  2.95965336E-04  1.95989044E-01 -3.94226318E-05  9.45974826E-03  1.29063427E-07 -4.91136645E-04  5.61564684E-06  1.87350135E-07 -5.62327962E-06  2.44040899E-06  1.25191524E-05 -1.77718951E-05
  2.33281597E-07  1.09428574E+01 -0.00000000E+00 -1.77792693E+01  1.26111396E+04 -4.71068988E-01  3.38228064E+02  2.84633102E-02 -1.23238187E+01  9.24457386E-04  6.12583524E-01  1.15801119E-04  3.30082642E-02 -1.29278532E-05  1.91812677E-03  4.05786516E-06  1.24011912E-04  7.33579864E-06 -2.18713936E-06 -3.64847041E-06
  4.81243386E-06  7.19531019E+03  1.77792693E+01 -0.00000000E+00  2.51132251E+01  1.80528081E+04  8.84287257E-01 -6.01982928E+02 -6.20459795E-02 -2.54806783E+01  2.38737294E-03 -1.42849494E+00  2.95403979E-04  8.53338331E-02  3.00273695E-05 -5.48852214E-03 -2.28358998E-05 -3.68888947E-04  5.67740299E-06 -4.98042579E-05
  7.17435732E-06  1.98869590E-01 -1.26111396E+04 -2.51132251E+01 -0.00000000E+00 -3.35771108E+01  2.35985016E+04  1.48937005E+00 -9.45474360E+02  1.18722678E-01  4.56656560E+01  5.36598127E-03  2.85586581E+00 -6.92766677E-04  1.87574468E-01 -5.66817426E-05  1.29478327E-02  3.84695747E-05 -9.33949446E-04 -4.81864548E-05
 -2.36582746E-06  1.47285615E+02  4.71068988E-01 -1.80528081E+04  3.35771108E+01 -0.00000000E+00  4.36512010E+01 -2.92748394E+04 -2.35514636E+00 -1.37569092E+03  2.10079987E-01 -7.47800414E+01  1.09054293E-02  5.17042596E+00  1.63940667E-03 -3.71202808E-01  1.11505943E-04 -2.78521553E-02 -3.70536934E-05 -2.19641041E-03
 -6.44177496E-06  9.98318234E-03 -3.38228064E+02 -8.84287257E-01 -2.35985016E+04 -4.36512010E+01 -0.00000000E+00  5.58499703E+01 -3.50980000E+04  3.57439717E+00  1.90024042E+03  3.52224101E-01  1.14988462E+02 -2.10082906E-02  8.72536284E+00  3.40208001E-03  6.81470572E-01  1.97100669E-04 -5.51377152E-02  4.67528793E-05
 -2.12017302E-06 -4.50950668E+00 -2.84633102E-02  6.01982928E+02 -1.48937005E+00  2.92748394E+04 -5.58499703E+01 -0.00000000E+00  7.07899143E+01  4.10814800E+04 -5.27482527E+00  2.52753880E+03 -5.68783515E-01 -1.68765429E+02 -3.85099300E-02  1.39673397E+01 -6.58145621E-03  1.18127366E+00  4.67540243E-04  1.02824672E-01
  5.23635359E-06 -2.95965336E-04  1.23238187E+01  6.20459795E-02  9.45474360E+02  2.35514636E+00  3.50980000E+04 -7.07899143E+01 -0.00000000E+00 -8.92512270E+01 -4.72384261E+04 -7.63178034E+00 -3.26695598E+03  8.94056588E-01 -2.38949264E+02 -6.84806382E-02 -2.14566113E+01 -1.23527237E-02  1.95776817E+00 -1.05694759E-03
 -5.39661561E-06 -1.95989044E-01 -9.24457386E-04  2.54806783E+01 -1.18722678E-01  1.37569092E+03 -3.57439717E+00 -4.10814800E+04  8.92512270E+01 -0.00000000E+00 -1.12236313E+02  5.35826012E+04 -1.08879636E+01 -4.12897241E+03 -1.37760285E+00  3.28807130E+02 -1.18293560E-01  3.18914847E+01  2.26125285E-02  3.12906763E+00
  6.79651515E-06  3.94226318E-05 -6.12583524E-01 -2.38737294E-03 -4.56656560E+01 -2.10079987E-01 -1.90024042E+03  5.27482527E+00  4.72384261E+04  1.12236313E+02 -0.00000000E+00  1.41060556E+02  6.01289260E+04 -1.53804239E+01  5.12535937E+03  2.09257143E+00  4.42113031E+02  2.00954577E-01 -4.61396342E+01  4.05835497E-02
  8.27366472E-07 -9.45974826E-03 -1.15801119E-04  1.42849494E+00 -5.36598127E-03  7.47800414E+01 -3.52224101E-01 -2.52753880E+03  7.63178034E+00 -5.35826012E+04 -1.41060556E+02 -0.00000000E+00 -1.77466769E+02 -6.68938884E+04 -2.15830854E+01  6.26939431E+03 -3.14696495E+00  5.83245523E+02  3.36374163E-01  6.52757674E+01
  4.34261846E-07 -1.29063427E-07 -3.30082642E-02 -2.95403979E-04 -2.85586581E+00 -1.09054293E-02 -1.14988462E+02  5.68783515E-01  3.26695598E+03  1.08879636E+01 -6.01289260E+04  1.77466769E+02 -0.00000000E+00 -2.23787070E+02  7.38959277E+04  3.01656705E+01  7.57612146E+03  4.70114478E+00 -7.57305607E+02  5.57559946E-01
  3.34777957E-06  4.91136645E-04  1.29278532E-05 -8.53338331E-02  6.92766677E-04 -5.17042596E+00  2.10082906E-02  1.68765429E+02 -8.94056588E-01  4.12897241E+03  1.53804239E+01  6.68938884E+04  2.23787070E+02 -0.00000000E+00  2.83179459E+02 -8.11558505E+04  4.20858646E+01 -9.06266915E+03 -6.99711341E+00 -9.70266328E+02
  9.07032235E-07 -5.61564684E-06 -1.91812677E-03 -3.00273695E-05 -1.87574468E-01 -1.63940667E-03 -8.72536284E+00  3.85099300E-02  2.38949264E+02  1.37760285E+00 -5.12535937E+03  2.15830854E+01 -7.38959277E+04 -2.83179459E+02 -0.00000000E+00  3.59965770E+02  8.86973178E+04  5.87272016E+01 -1.07486448E+04  1.04027965E+01
 -3.99870546E-06 -1.87350135E-07 -4.05786516E-06  5.48852214E-03  5.66817426E-05  3.71202808E-01 -3.40208001E-03 -1.39673397E+01  6.84806382E-02 -3.28807130E+02 -2.09257143E+00 -6.26939431E+03 -3.01656705E+01  8.11558505E+04 -3.59965770E+02 -0.00000000E+00 -4.60135182E+02  9.65474440E+04  8.21111106E+01  1.26566263E+04
 -2.61795941E-06  5.62327962E-06 -1.24011912E-04  2.28358998E-05 -1.29478327E-02 -1.11505943E-04 -6.81470572E-01  6.58145621E-03  2.14566113E+01  1.18293560E-01 -4.42113031E+02  3.14696495E+00 -7.57612146E+03 -4.20858646E+01 -8.86973178E+04  4.60135182E+02 -0.00000000E+00  5.92091546E+02 -1.04737550E+05  1.15222341E+02
  5.48296593E-06 -2.44040899E-06 -7.33579864E-06  3.68888947E-04 -3.84695747E-05  2.78521553E-02 -1.97100669E-04 -1.18127366E+00  1.23527237E-02 -3.18914847E+01 -2.00954577E-01 -5.83245523E+02 -4.70114478E+00  9.06266915E+03 -5.87272016E+01 -9.65474440E+04 -5.92091546E+02 -0.00000000E+00  7.67772990E+02  1.13304128E+05
  2.24786065E-06 -1.25191524E-05  2.18713936E-06 -5.67740299E-06  9.33949446E-04  3.70536934E-05  5.51377152E-02 -4.67540243E-04 -1.95776817E+00 -2.26125285E-02  4.61396342E+01 -3.36374163E-01  7.57305607E+02  6.99711341E+00  1.07486448E+04 -8.21111106E+01  1.04737550E+05 -7.67772990E+02 -0.00000000E+00 -1.00424883E+03
 -3.18073057E-06  1.77718951E-05  3.64847041E-06  4.98042579E-05  4.81864548E-05  2.19641041E-03 -4.67528793E-05 -1.02824672E-01  1.05694759E-03 -3.12906763E+00 -4.05835497E-02 -6.52757674E+01 -5.57559946E-01  9.70266328E+02 -1.04027965E+01 -1.26566263E+04 -1.15222341E+02 -1.13304128E+05  1.00424883E+03 -0.00000000E+00
   18.549866985589517     
 -0.00000000E+00  4.27312043E-05 -8.24415444E-07  9.27133763E-05 -7.37056397E-05 -8.04268764E-05  5.59753639E-05 -1.18366711E-05  5.23589727E-05  3.02186043E-05  5.77977320E-05  4.96822654E-06 -1.14996091E-04 -2.97381278E-05 -1.22724064E-05 -1.73409345E-05  3.58027904E-05 -6.80744191E-05 -2.01767707E-06 -1.91589571E-06
 -4.27312043E-05 -0.00000000E+00 -1.18507480E+01 -7.19940616E+03 -2.22444355E-01 -1.52099964E+02 -1.18370216E-02  4.69467308E+00 -5.49366108E-05  2.06866487E-01 -3.15626345E-04  1.02307798E-02  3.91471924E-04 -4.66623615E-04  3.12427167E-05  9.51419499E-05 -9.92934901E-05  1.45969348E-04  5.09453590E-06 -2.20073959E-05
  8.24415444E-07  1.18507480E+01 -0.00000000E+00 -1.93400242E+01  1.26232723E+04 -5.32414838E-01  3.49595452E+02  3.25852323E-02 -1.28473727E+01  1.15860828E-03  6.48109646E-01  9.12721287E-05  3.55051037E-02 -9.63111535E-05  2.13070603E-03 -7.51940177E-05  2.05160888E-04 -9.06219544E-06 -3.21825899E-05  4.22398228E-05
 -9.27133763E-05  7.19940616E+03  1.93400242E+01 -0.00000000E+00  2.74555844E+01  1.80777441E+04  1.00259318E+00 -6.22793695E+02 -7.29050736E-02 -2.66027972E+01  1.98150038E-03 -1.51345681E+00  1.48480950E-03  9.27957100E-02  1.09176557E-04 -5.90723997E-03 -2.59205157E-04 -2.00173211E-05  3.12250226E-06 -8.87699636E-05
  7.37056397E-05  2.22444355E-01 -1.26232723E+04 -2.74555844E+01 -0.00000000E+00 -3.68906730E+01  2.36416456E+04  1.70042123E+00 -9.79118274E+02  1.38467571E-01  4.77512055E+01  6.14506085E-03  3.03008056E+00 -1.24653482E-03  2.03960267E-01 -1.82640014E-04  1.48592992E-02 -3.85159613E-04 -1.13746651E-03  1.19924903E-04
  8.04268764E-05  1.52099964E+02  5.32414838E-01 -1.80777441E+04  3.68906730E+01 -0.00000000E+00  4.82088620E+01 -2.93423440E+04 -2.70406987E+00 -1.42611872E+03  2.47066109E-01 -7.83205749E+01  1.15013374E-02  5.49885597E+00  1.94360222E-03 -4.05159655E-01  4.53707905E-04 -3.16944346E-02 -4.81760465E-05 -2.50571855E-03
 -5.59753639E-05  1.18370216E-02 -3.49595452E+02 -1.00259318E+00 -2.36416456E+04 -4.82088620E+01 -0.00000000E+00  6.20240052E+01 -3.51968773E+04  4.13294895E+00  1.97204669E+03  4.14934268E-01  1.20640023E+02 -2.49345201E-02  9.29963021E+00  4.39906861E-03  7.44977564E-01  6.15298090E-04 -6.21200688E-02  4.19594914E-06
  1.18366711E-05 -4.69467308E+00 -3.25852323E-02  6.22793695E+02 -1.70042123E+00  2.93423440E+04 -6.20240052E+01 -0.00000000E+00  7.90873265E+01  4.12197273E+04 -6.14081948E+00  2.62607992E+03 -6.75311810E-01 -1.77378550E+02 -4.67999292E-02  1.49193177E+01 -8.21960069E-03  1.29537931E+00  6.25211775E-04  1.16320908E-01
 -5.23589727E-05  5.49366108E-05  1.28473727E+01  7.29050736E-02  9.79118274E+02  2.70406987E+00  3.51968773E+04 -7.90873265E+01 -0.00000000E+00 -1.00347366E+02 -4.74251999E+04 -8.94954575E+00 -3.39847678E+03  1.06948671E+00 -2.51624481E+02 -8.35892848E-02 -2.29734041E+01 -1.53583379E-02  2.15344832E+00 -1.50060242E-03
 -3.02186043E-05 -2.06866487E-01 -1.15860828E-03  2.66027972E+01 -1.38467571E-01  1.42611872E+03 -4.13294895E+00 -4.12197273E+04  1.00347366E+02 -0.00000000E+00 -1.27049913E+02  5.38283928E+04 -1.28655241E+01 -4.30078138E+03 -1.66122390E+00  3.46951313E+02 -1.47046296E-01  3.42311323E+01  2.92479756E-02  3.45279338E+00
 -5.77977320E-05  3.15626345E-04 -6.48109646E-01 -1.98150038E-03 -4.77512055E+01 -2.47066109E-01 -1.97204669E+03  6.14081948E+00  4.74251999E+04  1.27049913E+02 -0.00000000E+00  1.60843203E+02  6.04458223E+04 -1.83241712E+01  5.34601381E+03  2.54733731E+00  4.67514920E+02  2.53079986E-01 -4.96563233E+01  5.29270010E-02
 -4.96822654E-06 -1.02307798E-02 -9.12721287E-05  1.51345681E+00 -6.14506085E-03  7.83205749E+01 -4.14934268E-01 -2.62607992E+03  8.94954575E+00 -5.38283928E+04 -1.60843203E+02 -0.00000000E+00 -2.03938437E+02 -6.72958285E+04 -2.59422926E+01  6.54895262E+03 -3.86846762E+00  6.18174262E+02  4.28099310E-01  7.04519332E+01
  1.14996091E-04 -3.91471924E-04 -3.55051037E-02 -1.48480950E-03 -3.03008056E+00 -1.15013374E-02 -1.20640023E+02  6.75311810E-01  3.39847678E+03  1.28655241E+01 -6.04458223E+04  2.03938437E+02 -0.00000000E+00 -2.59337382E+02  7.43990912E+04  3.66025704E+01  7.92644704E+03  5.84081275E+00 -8.04630260E+02  7.19745796E-01
  2.97381278E-05  4.66623615E-04  9.63111535E-05 -9.27957100E-02  1.24653482E-03 -5.49885597E+00  2.49345201E-02  1.77378550E+02 -1.06948671E+00  4.30078138E+03  1.83241712E+01  6.72958285E+04  2.59337382E+02 -0.00000000E+00  3.31141679E+02 -8.17790899E+04  5.15952230E+01 -9.49780338E+03 -8.80048031E+00 -1.03361591E+03
  1.22724064E-05 -3.12427167E-05 -2.13070603E-03 -1.09176557E-04 -2.03960267E-01 -1.94360222E-03 -9.29963021E+00  4.67999292E-02  2.51624481E+02  1.66122390E+00 -5.34601381E+03  2.59422926E+01 -7.43990912E+04 -3.31141679E+02 -0.00000000E+00  4.25079822E+02  8.94627251E+04  7.28027748E+01 -1.12852927E+04  1.32535745E+01
  1.73409345E-05 -9.51419499E-05  7.51940177E-05  5.90723997E-03  1.82640014E-04  4.05159655E-01 -4.39906861E-03 -1.49193177E+01  8.35892848E-02 -3.46951313E+02 -2.54733731E+00 -6.54895262E+03 -3.66025704E+01  8.17790899E+04 -4.25079822E+02 -0.00000000E+00 -5.49187976E+02  9.74810858E+04  1.03032248E+02  1.33147665E+04
 -3.58027904E-05  9.92934901E-05 -2.05160888E-04  2.59205157E-04 -1.48592992E-02 -4.53707905E-04 -7.44977564E-01  8.21960069E-03  2.29734041E+01  1.47046296E-01 -4.67514920E+02  3.86846762E+00 -7.92644704E+03 -5.15952230E+01 -8.94627251E+04  5.49187976E+02 -0.00000000E+00  7.14941430E+02 -1.05870425E+05  1.46457788E+02
  6.80744191E-05 -1.45969348E-04  9.06219544E-06  2.00173211E-05  3.85159613E-04  3.16944346E-02 -6.15298090E-04 -1.29537931E+00  1.53583379E-02 -3.42311323E+01 -2.53079986E-01 -6.18174262E+02 -5.84081275E+00  9.49780338E+03 -7.28027748E+01 -9.74810858E+04 -7.14941430E+02 -0.00000000E+00  9.38835883E+02  1.14673413E+05
  2.01767707E-06 -5.09453590E-06  3.21825899E-05 -3.12250226E-06  1.13746651E-03  4.81760465E-05  6.21200688E-02 -6.25211775E-04 -2.15344832E+00 -2.92479756E-02  4.96563233E+01 -4.28099310E-01  8.04630260E+02  8.80048031E+00  1.12852927E+04 -1.03032248E+02  1.05870425E+05 -9.38835883E+02 -0.00000000E+00 -1.24439429E+03
  1.91589571E-06  2.20073959E-05 -4.22398228E-05  8.87699636E-05 -1.19924903E-04  2.50571855E-03 -4.19594914E-06 -1.16320908E-01  1.50060242E-03 -3.45279338E+00 -5.29270010E-02 -7.04519332E+01 -7.19745796E-01  1.03361591E+03 -1.32535745E+01 -1.33147665E+04 -1.46457788E+02 -1.14673413E+05  1.24439429E+03 -0.00000000E+00
   18.272709953040202     
 -0.00000000E+00  4.99993978E+07  1.77817390E-07  1.81981241E-07  2.79799529E-07 -1.12251756E-07  1.35329881E-07 -1.67943005E-07  1.67579923E-07  4.93513014E-08 -7.09244776E-08 -3.94018734E-07 -1.18861929E-07 -7.83612305E-08  1.13133420E-10  1.16759815E-07  2.11292707E-07  2.47845217E-07 -9.61288469E-09 -1.83497707E-07
 -4.99993978E+07 -0.00000000E+00  4.99987484E+07  5.35628300E+01 -3.53934740E+05  6.31488127E+03  5.86375350E+02 -1.47025846E+02 -1.29412695E+01 -4.17996589E+00  1.35876115E-01 -1.50798673E-01  6.38756881E-04  6.61826467E-03 -2.70948682E-05 -3.43110046E-04 -1.44013490E-06 -2.20687021E-05 -6.12270651E-07 -1.45544384E-06
 -1.77817390E-07 -4.99987484E+07 -0.00000000E+00 -5.03504405E+07  1.24380642E+06  6.09965408E+05  1.17629471E+04  1.40325288E+03 -3.24727071E+02  3.87711009E+01  1.20218737E+01  5.70979012E-01  5.16848999E-01 -8.54180754E-03  2.54749735E-02  2.06549014E-04  1.44885770E-03  9.54653023E-06 -9.41028505E-05  1.53869972E-06
 -1.81981241E-07 -5.35628300E+01  5.03504405E+07 -0.00000000E+00  5.06070102E+07  1.76647910E+06 -8.61544285E+05 -2.07306784E+04 -2.48940499E+03 -6.64254673E+02  8.32306205E+01 -2.77648236E+01  1.50486039E+00  1.32371469E+00  3.02384416E-02 -7.14248348E-02  1.01470395E-03 -4.40415378E-03 -4.96573269E-05 -3.09500776E-04
