   20.000000000000004     
 -5.05105476E+03 -1.40004717E+00  7.40277384E+01  3.51155999E+00 -1.24544881E+04  1.06767995E-01  2.37257421E+02 -6.36446363E-03 -9.19013240E+00 -2.91367244E-04 -4.12027681E-01 -2.20355147E-06 -8.20033996E-05 -2.05933446E-02  1.48524788E-06  1.16775192E-03 -7.68496052E-08  7.47900785E-05  1.12424989E-08  5.54078742E-06
 -1.40004717E+00 -1.52572306E+04 -4.17387032E+00  2.17467267E+02 -7.75852578E+00 -2.80394152E+04  2.95894527E-01  6.38778034E+02 -2.02850776E-02  2.81758333E+01 -1.06120674E-03 -8.72240323E-05  1.40765888E+00 -3.05137735E-04 -7.71777024E-02  6.24526472E-06  4.74733354E-03  6.26711546E-07 -3.27422198E-04  5.96836355E-08
  7.40277384E+01 -4.17387032E+00 -3.57776466E+04 -8.30773465E+00 -4.99583414E+02 -1.35854318E+01 -4.89002844E+04  6.27786439E-01  1.30033967E+03  4.86427952E-02  6.44114269E+01 -3.82318692E-04  1.75439509E-03  3.55484663E+00 -8.34763270E-04 -2.12411462E-01  2.19536628E-05 -1.41073395E-02 -2.18901367E-06 -1.04439986E-03
  3.51155999E+00  2.17467267E+02 -8.30773465E+00 -6.68287675E+04  1.39803675E+01 -9.82386723E+02 -2.13324448E+01 -7.52153973E+04  1.16553232E+00 -2.29295099E+03  1.00724026E-01  3.80328334E+00 -1.29950598E+02  1.46343802E-03  7.63372290E+00 -1.93484543E-03 -4.94489874E-01 -5.60207506E-05  3.53252194E-02 -6.47521045E-06
 -1.24544881E+04 -7.75852578E+00 -4.99583414E+02  1.39803675E+01 -1.08636119E+05 -2.14632531E+01  1.73198400E+03  3.14193255E+01  1.07116265E+05  1.99297537E+00  3.69188118E+03  1.34022781E-02 -6.62308016E+00  2.30362444E+02  1.58311357E-03 -1.47415854E+01  1.45782700E-03 -1.03310174E+00 -1.38314365E-04 -7.89175526E-02
  1.06767995E-01 -2.80394152E+04 -1.35854318E+01 -9.82386723E+02 -2.14632531E+01 -1.61435086E+05 -3.11134548E+01  2.81922896E+03  4.43752523E+01 -1.44728364E+05  3.22209606E+00  3.32881394E+02 -5.91053253E+03 -1.10018674E+01  3.80327270E+02  1.06045150E-02 -2.63733656E+01 -3.32457143E-03  1.98654068E+00 -3.16075860E-04
  2.37257421E+02  2.95894527E-01 -4.89002844E+04 -2.13324448E+01  1.73198400E+03 -3.11134548E+01 -2.25471806E+05 -4.33841759E+01  4.32020610E+03 -6.08673320E+01 -1.88178519E+05  2.11957590E-01  4.51505074E+02 -8.49340857E+03 -1.73049207E+01  5.95114857E+02 -5.63571881E-02  4.44277323E+01  6.61437560E-03  3.59159652E+00
 -6.36446363E-03  6.38778034E+02  6.27786439E-01 -7.52153973E+04  3.14193255E+01  2.81922896E+03 -4.33841759E+01 -3.01004158E+05 -5.88443883E+01 -6.31673361E+03 -8.17372024E+01  7.66715343E+04  1.60925900E+05  5.94527301E+02 -1.17641177E+04 -2.60709329E+01  8.92799107E+02  9.05160597E-02 -7.15847966E+01  1.26062377E-02
 -9.19013240E+00 -2.02850776E-02  1.30033967E+03  1.16553232E+00  1.07116265E+05  4.43752523E+01  4.32020610E+03 -5.88443883E+01 -3.88302876E+05  7.82066315E+01 -8.89691930E+03  2.54985223E+01  9.43308701E+04  1.98871437E+05  7.57521700E+02 -1.58217118E+04  1.38702677E+00 -1.25532052E+03 -1.56321362E-01 -1.11103921E+02
 -2.91367246E-04  2.81758333E+01  4.86427952E-02 -2.29295099E+03  1.99297537E+00 -1.44728364E+05 -6.08673320E+01 -6.31673361E+03  7.82066315E+01 -4.87652792E+05 -1.02364283E+02 -2.71562645E+06  2.70343817E+06 -1.13802914E+05 -2.41191980E+05 -9.38485356E+02  2.07721877E+04  2.27042331E+00 -1.76965500E+03  2.63288610E-01
 -4.12027681E-01 -1.06120675E-03  6.44114269E+01  1.00724026E-01  3.69188118E+03  3.22209606E+00 -1.88178519E+05 -8.17372024E+01 -8.89691930E+03 -1.02364283E+02 -5.99354238E+05 -5.31320667E+02 -2.98429862E+06  2.96872538E+06 -1.35174474E+05 -2.88010725E+05  2.31796712E+01 -2.55712504E+04 -3.45797796E+00 -2.43672179E+03
 -2.20358128E-06 -8.72240594E-05 -3.82318713E-04  3.80328334E+00  1.34022780E-02  3.32881394E+02  2.11957591E-01  7.66715343E+04  2.54985223E+01 -2.71562645E+06 -5.31320667E+02 -5.00000000E+07  2.46381377E+07 -7.88220306E+02 -3.23500838E+06  1.83685579E+02  2.53350312E+07  3.24663425E+01 -3.38130855E+04  4.97936888E+00
 -8.20033901E-05  1.40765888E+00  1.75439505E-03 -1.29950598E+02 -6.62308016E+00 -5.91053253E+03  4.51505074E+02  1.60925900E+05  9.43308701E+04  2.70343817E+06 -2.98429862E+06  2.46381377E+07 -4.99987633E+07  2.78255868E+07 -8.84741012E+02 -3.34383980E+06  2.36871250E+02 -3.95664867E+05  1.32800735E+03 -4.21557129E+04
 -2.05933446E-02 -3.05137686E-04  3.55484663E+00  1.46343803E-03  2.30362444E+02 -1.10018674E+01 -8.49340857E+03  5.94527301E+02  1.98871437E+05 -1.13802914E+05  2.96872538E+06 -7.88220306E+02  2.78255868E+07 -4.99985605E+07  2.80232828E+07 -1.04878591E+03 -3.77004936E+06 -1.83790386E+05  4.56777587E+05  1.53444531E+03
  1.48522010E-06 -7.71777024E-02 -8.34763291E-04  7.63372290E+00  1.58311352E-03  3.80327270E+02 -1.73049207E+01 -1.17641177E+04  7.57521700E+02 -2.41191980E+05 -1.35174474E+05 -3.23500838E+06 -8.84741012E+02  2.80232828E+07 -4.99983229E+07  2.82160528E+07 -1.32527070E+03  4.03861074E+06  2.11043451E+05  5.22944607E+05
  1.16775194E-03  6.24528099E-06 -2.12411463E-01 -1.93484543E-03 -1.47415854E+01  1.06045150E-02  5.95114857E+02 -2.60709329E+01 -1.58217118E+04 -9.38485356E+02 -2.88010725E+05  1.83685579E+02 -3.34383980E+06 -1.04878591E+03  2.82160528E+07 -4.99980430E+07  2.43225254E+07 -4.07964703E+06 -4.30786366E+06  2.40317720E+05
 -7.68590920E-08  4.74733352E-03  2.19536195E-05 -4.94489874E-01  1.45782694E-03 -2.63733656E+01 -5.63571881E-02  8.92799107E+02  1.38702677E+00  2.07721877E+04  2.31796712E+01  2.53350312E+07  2.36871250E+02 -3.77004936E+06 -1.32527070E+03  2.43225254E+07 -5.00000000E+07 -1.14428419E+03  4.36031753E+06  1.22613240E+02
  7.47900765E-05  6.26710869E-07 -1.41073395E-02 -5.60207479E-05 -1.03310174E+00 -3.32457141E-03  4.44277323E+01  9.05160597E-02 -1.25532052E+03  2.27042331E+00 -2.55712504E+04  3.24663425E+01 -3.95664867E+05 -1.83790386E+05  4.03861074E+06 -4.07964703E+06 -1.14428419E+03 -1.54816367E+06  5.51191950E+02 -6.37833695E+04
  1.12404660E-08 -3.27422198E-04 -2.18902587E-06  3.53252194E-02 -1.38314374E-04  1.98654068E+00  6.61437562E-03 -7.15847966E+01 -1.56321362E-01 -1.76965500E+03 -3.45797796E+00 -3.38130855E+04  1.32800735E+03  4.56777587E+05  2.11043451E+05 -4.30786366E+06  4.36031753E+06  5.51191950E+02 -1.75643049E+06 -6.94750075E+02
  5.54078674E-06  5.96792310E-08 -1.04439986E-03 -6.47520232E-06 -7.89175526E-02 -3.16075822E-04  3.59159652E+00  1.26062378E-02 -1.11103921E+02  2.63288610E-01 -2.43672179E+03  4.97936888E+00 -4.21557129E+04  1.53444531E+03  5.22944607E+05  2.40317720E+05  1.22613240E+02 -6.37833695E+04 -6.94750075E+02 -1.98025430E+06
   19.701176258822098     
 -5.05267756E+03 -1.51796991E+00  7.64021078E+01  3.81099332E+00 -4.05464191E+03 -8.40655197E+03 -1.49608472E+01  2.60070193E+02 -6.58847656E-03  9.51368151E+00 -3.37814278E-04  4.33833767E-01 -2.79413565E-05 -2.21944118E-02 -1.73416189E-06  1.28106343E-03 -1.65518369E-07  8.36189306E-05  1.45405064E-08  6.25712793E-06
 -1.51796991E+00 -1.52655184E+04 -4.53367783E+00  2.24571445E+02 -2.29449996E+00 -9.10307834E+03 -1.89639433E+04 -3.84673372E+01  6.98783818E+02  2.32299121E-02  2.91961783E+01  1.23703210E-03  1.48387472E+00 -1.12456468E-04  8.32988526E-02  7.72021878E-06  5.21737061E-03  7.98394960E-07 -3.66773192E-04  7.37047413E-08
  7.64021078E+01 -4.53367783E+00 -3.58030544E+04 -9.04818492E+00 -8.76507899E+05  8.75987795E+05 -1.58206538E+04 -3.31394447E+04  7.59281658E-01 -1.34427333E+03  5.59569066E-02 -6.68113218E+01  3.37144369E-03  3.75069721E+00  3.34585883E-04 -2.29602961E-01  2.52489104E-05 -1.55354463E-02 -2.80605346E-06 -1.17223209E-03
  3.81099332E+00  2.24571445E+02 -9.04818492E+00 -6.68893730E+04 -1.78516993E+02 -1.13528361E+06  1.13445581E+06 -2.42497385E+04 -5.10764834E+04 -1.32702088E+00 -2.37192428E+03 -1.16424883E-01 -1.30983508E+02  7.86590197E-03 -8.06189020E+00 -8.47350190E-04 -5.35347938E-01 -7.00039283E-05  3.89788735E-02 -8.37188934E-06
 -4.05464191E+03 -2.29449996E+00 -8.76507899E+05 -1.78516993E+02 -5.00000000E+07  2.49456208E+07 -2.42235736E+02 -1.39369772E+06 -2.49962706E+07 -7.28883400E+04  2.39353419E+00 -4.01441145E+03  2.04784827E-01  2.39633202E+02  1.86624096E-02 -1.56248994E+01  1.78212019E-03 -1.11496082E+00 -1.86480258E-04 -8.72442403E-02
 -8.40655197E+03 -9.10307834E+03  8.75987795E+05 -1.13528361E+06  2.49456208E+07 -4.99995626E+07  2.63146616E+07 -2.88724249E+02 -1.65398890E+06 -3.44251412E+04 -9.86854444E+04  1.88999208E+02 -6.05284604E+03 -6.88133268E+00 -3.96044957E+02  4.55692879E-03 -2.79932005E+01 -6.32008361E-03  2.14816156E+00 -4.44980673E-04
 -1.49608472E+01 -1.89639433E+04 -1.58206538E+04  1.13445581E+06 -2.42235736E+02  2.63146616E+07 -4.99994735E+07  2.65439886E+07 -3.61140684E+02  1.91542640E+06 -4.63489431E+04  1.28580256E+05  2.69343762E+02 -8.70407014E+03  1.14106439E+01  6.20377825E+02  1.66686036E-02  4.73191782E+01  1.21932624E-02  3.89175377E+00
  2.60070193E+02 -3.84673372E+01 -3.31394447E+04 -2.42497385E+04 -1.39369772E+06 -2.88724249E+02  2.65439886E+07 -4.99993735E+07  2.48492145E+07 -1.91947726E+06  2.17805578E+06  6.00506685E+04  1.62689432E+05  3.64456370E+02  1.20647865E+04 -1.79024467E+01  9.31755960E+02 -4.05440236E-02 -7.63931163E+01  2.23938735E-02
 -6.58847654E-03  6.98783818E+02  7.59281658E-01 -5.10764834E+04 -2.49962706E+07 -1.65398890E+06 -3.61140684E+02  2.48492145E+07 -5.00000000E+07 -3.70016194E+02 -2.18461803E+06  2.12977070E+01  7.54583335E+04  2.39655024E-01 -4.86152780E+02  6.49012675E-02 -2.85317742E+01 -1.16327365E-02  2.92473563E-01  1.06407327E-03
  9.51368151E+00  2.32299121E-02 -1.34427333E+03 -1.32702088E+00 -7.28883400E+04 -3.44251412E+04  1.91542640E+06 -1.91947726E+06 -3.70016194E+02 -3.89143561E+05 -8.70541543E+01 -9.22641453E+03 -1.21080546E+02 -2.93885294E+05 -1.29502962E+01  1.56271347E+04 -1.74288634E+00  1.31116059E+03  1.90996176E-01  1.18305404E+02
 -3.37814277E-04  2.91961783E+01  5.59569066E-02 -2.37192428E+03  2.39353419E+00 -9.86854444E+04 -4.63489431E+04  2.17805578E+06 -2.18461803E+06 -8.70541543E+01 -4.88853319E+05  1.14458514E+02 -1.26153558E+04 -1.58995895E+02  3.55922732E+05  1.88281917E+01  2.05900565E+04  2.71969717E+00 -1.85084198E+03  3.24444303E-01
  4.33833767E-01  1.23703210E-03 -6.68113218E+01 -1.16424883E-01 -4.01441145E+03  1.88999208E+02  1.28580256E+05  6.00506685E+04  2.12977070E+01 -9.22641453E+03  1.14458514E+02 -6.01017064E+05 -1.48799856E+02  1.68214549E+04 -2.07011585E+02  4.24415462E+05 -2.69987081E+01  2.65908809E+04  4.17325152E+00  2.55207114E+03
 -2.79413564E-05  1.48387472E+00  3.37144369E-03 -1.30983508E+02  2.04784827E-01 -6.05284604E+03  2.69343762E+02  1.62689432E+05  7.54583335E+04 -1.21080546E+02 -1.26153558E+04 -1.48799856E+02 -7.25970690E+05 -1.91813640E+02 -2.19626134E+04  2.67863842E+02  4.99526783E+05  3.83043262E+01 -3.37634808E+04  6.32043137E+00
 -2.21944118E-02 -1.12456477E-04  3.75069721E+00  7.86590198E-03  2.39633202E+02 -6.88133268E+00 -8.70407014E+03  3.64456370E+02  2.39655024E-01 -2.93885294E+05 -1.58995895E+02  1.68214549E+04 -1.91813640E+02 -8.64071305E+05  2.45724111E+02  2.81671128E+04  3.45118790E+02 -5.81428554E+05 -5.39066590E+01 -4.22533405E+04
 -1.73416206E-06  8.32988526E-02  3.34585877E-04 -8.06189020E+00  1.86624092E-02 -3.96044957E+02  1.14106439E+01  1.20647865E+04 -4.86152780E+02 -1.29502962E+01  3.55922732E+05 -2.07011585E+02 -2.19626134E+04  2.45724111E+02 -1.01569963E+06  3.13400215E+02 -3.55748467E+04  4.43458000E+02 -6.70302136E+05  7.54179320E+01
  1.28106343E-03  7.72022691E-06 -2.29602961E-01 -8.47350188E-04 -1.56248994E+01  4.55692931E-03  6.20377825E+02 -1.79024467E+01  6.49012672E-02  1.56271347E+04  1.88281917E+01  4.24415462E+05  2.67863842E+02  2.81671128E+04  3.13400215E+02 -1.18126275E+06 -3.98568770E+02 -4.43387519E+04  5.69076629E+02  7.66339467E+05
 -1.65516337E-07  5.21737061E-03  2.52489070E-05 -5.35347938E-01  1.78212018E-03 -2.79932005E+01  1.66686038E-02  9.31755960E+02 -2.85317742E+01 -1.74288634E+00  2.05900565E+04 -2.69987081E+01  4.99526783E+05  3.45118790E+02 -3.55748467E+04 -3.98568770E+02 -1.36119733E+06  5.06108874E+02  5.46264777E+04  7.30244812E+02
  8.36189313E-05  7.98394283E-07 -1.55354463E-02 -7.00039310E-05 -1.11496082E+00 -6.32008343E-03  4.73191782E+01 -4.05440233E-02 -1.16327367E-02  1.31116059E+03  2.71969717E+00  2.65908809E+04  3.83043262E+01 -5.81428554E+05  4.43458000E+02 -4.43387519E+04  5.06108874E+02 -1.55597330E+06  6.42463013E+02 -6.66223467E+04
  1.45364406E-08 -3.66773192E-04 -2.80605346E-06  3.89788735E-02 -1.86480345E-04  2.14816156E+00  1.21932625E-02 -7.63931163E+01  2.92473563E-01  1.90996176E-01 -1.85084198E+03  4.17325152E+00 -3.37634808E+04 -5.39066590E+01 -6.70302136E+05  5.69076629E+02  5.46264777E+04  6.42463013E+02 -1.76609829E+06 -8.16217785E+02
  6.25713403E-06  7.37033861E-08 -1.17223209E-03 -8.37190018E-06 -8.72442407E-02 -4.44980359E-04  3.89175377E+00  2.23938735E-02  1.06407287E-03  1.18305404E+02  3.24444303E-01  2.55207114E+03  6.32043137E+00 -4.22533405E+04  7.54179320E+01  7.66339467E+05  7.30244812E+02 -6.66223467E+04 -8.16217785E+02 -1.99212272E+06
   19.406817299058773     
 -5.61906424E+03  5.44844946E-09  2.51999868E-09 -1.39512237E-08 -1.72362522E-08  3.64369584E-08 -3.20409676E-08 -2.58584715E-08 -2.07511965E-08 -1.98747888E-08  1.19692645E-07  1.19934525E-07 -1.44922648E-08 -1.17446224E-07 -8.07439152E-08 -1.84253398E-07  7.31101457E-08 -4.87368002E-08 -1.33631635E-08  9.34202115E-08
  5.44844946E-09 -5.05435427E+03 -1.64613089E+00  7.88564212E+01 -4.13691774E+00 -1.24681027E+04 -1.35061436E-01  2.52969529E+02  8.28728060E-03  9.85919085E+00 -3.92403435E-04  4.57239146E-01 -3.34326369E-05 -2.38787621E-02 -2.12776540E-06  1.40792016E-03 -2.11105005E-07  9.38052208E-05  4.03573930E-08  7.10345546E-06
  2.51999868E-09 -1.64613089E+00 -1.52740856E+04 -4.92576262E+00 -2.31923474E+02 -9.20155292E+00  2.80830002E+04  3.77340155E-01 -6.81896222E+02  2.66455013E-02  3.02872414E+01  1.44515199E-03  1.56592396E+00 -1.35314484E-04  8.97673138E-02  9.46286777E-06  5.74552305E-03  1.03778070E-06 -4.12229276E-04  7.72212833E-08
 -1.39512237E-08  7.88564212E+01 -4.92576262E+00 -3.58293359E+04  9.85812420E+00 -5.33350669E+02  1.62262427E+01 -4.89997021E+04 -8.07383404E-01 -1.38984070E+03  6.44881768E-02 -6.93811733E+01  3.96203205E-03  3.96334145E+00  4.05175119E-04 -2.47854127E-01  3.14033677E-05 -1.71435520E-02 -3.61652508E-06 -1.32071549E-03
 -1.72362522E-08 -4.13691774E+00 -2.31923474E+02  9.85812420E+00 -6.69521071E+04 -1.66924359E+01 -1.04992010E+03  2.56694897E+01 -7.54056987E+04  1.51232433E+00  2.45394100E+03  1.34848329E-01  1.36170797E+02 -9.30185898E-03  8.53073711E+00  1.03274239E-03  5.78929285E-01  8.78841298E-05 -4.31067809E-02  1.09297201E-05
  3.64369584E-08 -1.24681027E+04 -9.20155292E+00 -5.33350669E+02 -1.66924359E+01 -1.08885236E+05  2.57995024E+01  1.85317591E+03 -3.81055731E+01 -1.07442600E+05  2.61019729E+00 -3.95640520E+03  2.57166493E-01  2.41864253E+02  1.97720668E-02 -1.65138839E+01  2.37332480E-03 -1.21070075E+00 -2.20758297E-04 -9.67196193E-02
 -3.20409676E-08 -1.35061436E-01  2.80830002E+04  1.62262427E+01 -1.04992010E+03  2.57995024E+01 -1.61883414E+05  3.76689042E+01  3.02019092E+03  5.42682072E+01  1.45247020E+05  4.26164959E+00  5.98568517E+03 -4.60162849E-01  4.00145088E+02  3.91945871E-02  2.96189841E+01  5.06699561E-03 -2.33678540E+00  5.13783474E-04
 -2.58584715E-08  2.52969529E+02  3.77340155E-01 -4.89997021E+04  2.56694897E+01  1.85317591E+03  3.76689042E+01 -2.26214328E+05  5.29284339E+01 -4.63416974E+03 -7.50959827E+01  1.88958081E+05 -6.68566540E+00 -8.63720528E+03 -7.85979564E-01  6.27494051E+02 -7.37913528E-02  5.01262184E+01  1.02427378E-02  4.24140079E+00
 -2.07511965E-08  8.28728060E-03 -6.81896222E+02 -8.07383404E-01 -7.54056987E+04 -3.81055731E+01  3.02019092E+03  5.29284339E+01 -3.02159948E+05 -7.23766304E+01  6.78508860E+03 -1.01792028E+02 -2.38719825E+05  1.01813129E+01 -1.20140920E+04 -1.29622036E+00 -9.43557024E+02 -1.33569951E-01  8.10253611E+01 -1.98586734E-02
 -1.98747888E-08  9.85919085E+00  2.66455013E-02 -1.38984070E+03  1.51232433E+00 -1.07442600E+05  5.42682072E+01 -4.63416974E+03 -7.23766304E+01 -3.90017978E+05 -9.70284652E+01 -9.57041168E+03 -1.35904128E+02 -2.94682450E+05 -1.51581181E+01  1.62279797E+04 -2.08081497E+00  1.37157026E+03  2.34508993E-01  1.26178352E+02
  1.19692645E-07 -3.92403435E-04  3.02872414E+01  6.44881768E-02  2.45394100E+03  2.61019729E+00  1.45247020E+05 -7.50959827E+01  6.78508860E+03 -9.70284652E+01 -4.90103500E+05  1.28177249E+02 -1.30959052E+04 -1.79433003E+02  3.57003223E+05  2.21788660E+01  2.13999232E+04  3.27113195E+00 -1.93885472E+03  4.02016253E-01
  1.19934525E-07  4.57239146E-01  1.44515199E-03 -6.93811733E+01  1.34848329E-01 -3.95640520E+03  4.26164959E+00  1.88958081E+05 -1.01792028E+02 -9.57041168E+03  1.28177249E+02 -6.02750844E+05 -1.67478009E+02  1.74765692E+04 -2.34979683E+02  4.25847351E+05 -3.20204347E+01  2.76614412E+04  5.05955315E+00  2.67739364E+03
 -1.44922648E-08 -3.34326347E-05  1.56592396E+00  3.96203205E-03  1.36170797E+02  2.57166493E-01  5.98568517E+03 -6.68566540E+00 -2.38719825E+05 -1.35904128E+02 -1.30959052E+04 -1.67478009E+02 -7.28315724E+05 -2.17060143E+02 -2.28377105E+04  3.05947733E+02  5.01388889E+05  4.57611091E+01 -3.51557196E+04  7.72898394E+00
 -1.17446224E-07 -2.38787621E-02 -1.35314485E-04  3.96334145E+00 -9.30185898E-03  2.41864253E+02 -4.60162849E-01 -8.63720528E+03  1.01813129E+01 -2.94682450E+05 -1.79433003E+02  1.74765692E+04 -2.17060143E+02 -8.67177687E+05  2.79680697E+02  2.93161824E+04  3.96823411E+02 -5.83811753E+05 -6.49072143E+01 -4.40390043E+04
 -8.07439152E-08 -2.12776531E-06  8.97673138E-02  4.05175107E-04  8.53073711E+00  1.97720668E-02  4.00145088E+02 -7.85979564E-01 -1.20140920E+04 -1.51581181E+01  3.57003223E+05 -2.34979683E+02 -2.28377105E+04  2.79680697E+02 -1.01974294E+06  3.58934744E+02 -3.70618277E+04  5.13567880E+02 -6.73310860E+05  9.15788640E+01
 -1.84253398E-07  1.40792017E-03  9.46286506E-06 -2.47854127E-01  1.03274240E-03 -1.65138839E+01  3.91945871E-02  6.27494051E+02 -1.29622036E+00  1.62279797E+04  2.21788660E+01  4.25847351E+05  3.05947733E+02  2.93161824E+04  3.58934744E+02 -1.18644762E+06 -4.59547104E+02 -4.62391652E+04  6.64172664E+02  7.70093458E+05
  7.31101457E-08 -2.11103650E-07  5.74552305E-03  3.14033603E-05  5.78929285E-01  2.37332481E-03  2.96189841E+01 -7.37913528E-02 -9.43557024E+02 -2.08081497E+00  2.13999232E+04 -3.20204347E+01  5.01388889E+05  3.96823411E+02 -3.70618277E+04 -4.59547104E+02 -1.36776162E+06  5.87781381E+02  5.70293746E+04  8.59455777E+02
 -4.87368002E-08  9.38052194E-05  1.03777664E-06 -1.71435520E-02  8.78841406E-05 -1.21070075E+00  5.06699562E-03  5.01262184E+01 -1.33569951E-01  1.37157026E+03  3.27113195E+00  2.76614412E+04  4.57611091E+01 -5.83811753E+05  5.13567880E+02 -4.62391652E+04  5.87781381E+02 -1.56419309E+06  7.52020377E+02 -6.96326480E+04
 -1.33631635E-08  4.03580706E-08 -4.12229278E-04 -3.61652914E-06 -4.31067809E-02 -2.20758286E-04 -2.33678540E+00  1.02427378E-02  8.10253611E+01  2.34508993E-01 -1.93885472E+03  5.05955315E+00 -3.51557196E+04 -6.49072143E+01 -6.73310860E+05  6.64172664E+02  5.70293746E+04  7.52020377E+02 -1.77629378E+06 -9.63598727E+02
  9.34202115E-08  7.10345546E-06  7.72209445E-08 -1.32071549E-03  1.09297391E-05 -9.67196193E-02  5.13783493E-04  4.24140079E+00 -1.98586734E-02  1.26178352E+02  4.02016253E-01  2.67739364E+03  7.72898394E+00 -4.40390043E+04  9.15788640E+01  7.70093458E+05  8.59455777E+02 -6.96326480E+04 -9.63598727E+02 -2.00466539E+06
   19.116856411575736     
 -4.52923906E+03  4.09016583E-08  7.10248545E-08  3.68147708E-08 -1.84333773E-07  6.98247008E-08 -5.41637701E-09  4.83096320E-08 -1.50983020E-07  2.10949265E-07 -2.05515360E-07 -3.63087663E-08  1.39460505E-07  9.71963406E-08 -1.49181487E-07 -1.03235904E-07 -6.07227752E-08 -6.09228241E-08  1.51979180E-07  1.15953786E-08
  4.09016583E-08 -5.05608689E+03 -1.78545642E+00  8.13936266E+01 -4.49179847E+00 -1.24752535E+04 -1.52011962E-01  2.61237256E+02  9.47736274E-03  1.02282415E+01 -4.56830837E-04  4.82392391E-01 -3.99362145E-05 -2.57226371E-02 -2.69553052E-06  1.55007769E-03 -3.27354178E-07  1.05560780E-04  3.32531583E-08  8.15056166E-06
  7.10248545E-08 -1.78545642E+00 -1.52829426E+04 -5.35317823E+00 -2.39533085E+02 -1.00261848E+01  2.81059150E+04  4.26516225E-01 -7.04626786E+02  3.06139734E-02  3.14542827E+01  1.69167521E-03  1.65427907E+00 -1.63045964E-04  9.68656599E-02  1.18025340E-05  6.33891700E-03  1.44491624E-06 -4.64863429E-04  1.32804602E-07
  3.68147708E-08  8.13936266E+01 -5.35317823E+00 -3.58565253E+04  1.07445255E+01 -5.51154284E+02  1.77464347E+01 -4.90520312E+04 -9.16705361E-01 -1.43711316E+03  7.44583236E-02 -7.21340512E+01  4.66774103E-03  4.19280991E+00  4.92114100E-04 -2.67934476E-01  3.94178939E-05 -1.89566877E-02 -4.61433548E-06 -1.49297070E-03
 -1.84333773E-07 -4.49179847E+00 -2.39533085E+02  1.07445255E+01 -6.70170560E+04 -1.82530292E+01 -1.08558655E+03  2.81853439E+01 -7.55059929E+04  1.72522049E+00  2.53914191E+03  1.56514530E-01  1.41736193E+02 -1.10318919E-02  9.03779613E+00  1.26333346E-03  6.27006592E-01  1.10581882E-04 -4.77767175E-02  1.42163299E-05
  6.98247008E-08 -1.24752535E+04 -1.00261848E+01 -5.51154284E+02 -1.82530292E+01 -1.09016579E+05  2.83120833E+01  1.91729561E+03 -4.20155387E+01 -1.07614823E+05  2.99250188E+00 -4.09669072E+03  3.00153162E-01  2.52050428E+02  2.36131538E-02 -1.75220972E+01  2.92505813E-03 -1.31381809E+00 -2.81077212E-04 -1.07458668E-01
 -5.41637701E-09 -1.52011962E-01  2.81059150E+04  1.77464347E+01 -1.08558655E+03  2.83120833E+01 -1.62120110E+05  4.14955719E+01  3.12671798E+03  6.01026297E+01  1.45521138E+05  4.91160724E+00  6.20253705E+03 -5.40284915E-01  4.17517435E+02  4.71585048E-02  3.14773901E+01  6.29587425E-03 -2.54103062E+00  6.60942835E-04
  4.83096320E-08  2.61237256E+02  4.26516225E-01 -4.90520312E+04  2.81853439E+01  1.91729561E+03  4.14955719E+01 -2.26606929E+05  5.85436684E+01 -4.80093520E+03 -8.35627311E+01  1.89370724E+05 -7.74839157E+00 -8.95707721E+03 -9.28715554E-01  6.55589835E+02 -8.94900767E-02  5.33603307E+01  1.28393612E-02  4.62207769E+00
 -1.50983020E-07  9.47736274E-03 -7.04626786E+02 -9.16705361E-01 -7.55059929E+04 -4.20155387E+01  3.12671798E+03  5.85436684E+01 -3.02772040E+05 -8.04046226E+01  7.03439642E+03 -1.13838817E+02 -2.39315041E+05  1.18697788E+01 -1.24691598E+04 -1.54208707E+00 -9.87147901E+02 -1.63365838E-01  8.64043657E+01 -2.51314268E-02
  2.10949265E-07  1.02282415E+01  3.06139734E-02 -1.43711316E+03  1.72522049E+00 -1.07614823E+05  6.01026297E+01 -4.80093520E+03 -8.04046226E+01 -3.90927833E+05 -1.08293395E+02 -9.92973252E+03 -1.52804354E+02 -2.95512550E+05 -1.77837823E+01  1.68570136E+04 -2.49369048E+00  1.43698339E+03  2.89443937E-01  1.34803150E+02
 -2.05515360E-07 -4.56830838E-04  3.14542827E+01  7.44583236E-02  2.53914191E+03  2.99250188E+00  1.45521138E+05 -8.35627311E+01  7.03439642E+03 -1.08293395E+02 -4.91405968E+05  1.43771698E+02 -1.35986868E+04 -2.02904931E+02  3.58129752E+05  2.61966420E+01  2.22493063E+04  3.95123795E+00 -2.03436614E+03  5.01085558E-01
 -3.63087663E-08  4.82392391E-01  1.69167521E-03 -7.21340512E+01  1.56514530E-01 -4.09669072E+03  4.91160724E+00  1.89370724E+05 -1.13838817E+02 -9.92973252E+03  1.43771698E+02 -6.04559536E+05 -1.88856869E+02  1.81631868E+04 -2.67353379E+02  4.27342196E+05 -3.80952842E+01  2.87863632E+04  6.16385093E+00  2.81371128E+03
  1.39460505E-07 -3.99362133E-05  1.65427907E+00  4.66774103E-03  1.41736193E+02  3.00153162E-01  6.20253705E+03 -7.74839157E+00 -2.39315041E+05 -1.52804354E+02 -1.35986868E+04 -1.88856869E+02 -7.30765539E+05 -2.46170672E+02 -2.37565851E+04  3.50401153E+02  5.03335550E+05  5.48674953E+01 -3.66215822E+04  9.50346698E+00
  9.71963406E-08 -2.57226371E-02 -1.63045962E-04  4.19280991E+00 -1.10318919E-02  2.52050428E+02 -5.40284915E-01 -8.95707721E+03  1.18697788E+01 -2.95512550E+05 -2.02904931E+02  1.81631868E+04 -2.46170672E+02 -8.70427756E+05  3.19144374E+02  3.05251049E+04  4.57719683E+02 -5.86306819E+05 -7.84791592E+01 -4.59230851E+04
 -1.49181487E-07 -2.69553040E-06  9.68656599E-02  4.92114097E-04  9.03779613E+00  2.36131538E-02  4.17517435E+02 -9.28715554E-01 -1.24691598E+04 -1.77837823E+01  3.58129752E+05 -2.67353379E+02 -2.37565851E+04  3.19144374E+02 -1.02398007E+06  4.12304141E+02 -3.86295328E+04  5.96942606E+02 -6.76465727E+05  1.11738707E+02
 -1.03235904E-07  1.55007768E-03  1.18025368E-05 -2.67934476E-01  1.26333346E-03 -1.75220972E+01  4.71585047E-02  6.55589835E+02 -1.54208707E+00  1.68570136E+04  2.61966420E+01  4.27342196E+05  3.50401153E+02  3.05251049E+04  4.12304141E+02 -1.19189036E+06 -5.31672748E+02 -4.82472144E+04  7.78446369E+02  7.74036347E+05
 -6.07227752E-08 -3.27354517E-07  6.33891701E-03  3.94178966E-05  6.27006592E-01  2.92505814E-03  3.14773901E+01 -8.94900767E-02 -9.87147901E+02 -2.49369048E+00  2.22493063E+04 -3.80952842E+01  5.03335550E+05  4.57719683E+02 -3.86295328E+04 -5.31672748E+02 -1.37466507E+06  6.85341962E+02  5.95744236E+04  1.01648692E+03
 -6.09228241E-08  1.05560779E-04  1.44491081E-06 -1.89566877E-02  1.10581875E-04 -1.31381809E+00  6.29587424E-03  5.33603307E+01 -1.63365838E-01  1.43698339E+03  3.95123795E+00  2.87863632E+04  5.48674953E+01 -5.86306819E+05  5.96942606E+02 -4.82472144E+04  6.85341962E+02 -1.57285468E+06  8.84297747E+02 -7.28291974E+04
  1.51979180E-07  3.32538359E-08 -4.64863440E-04 -4.61434412E-06 -4.77767175E-02 -2.81077234E-04 -2.54103062E+00  1.28393612E-02  8.64043657E+01  2.89443937E-01 -2.03436614E+03  6.16385093E+00 -3.66215822E+04 -7.84791592E+01 -6.76465727E+05  7.78446369E+02  5.95744236E+04  8.84297747E+02 -1.78706022E+06 -1.14361725E+03
  1.15953785E-08  8.15055895E-06  1.32795793E-07 -1.49297070E-03  1.42163191E-05 -1.07458668E-01  6.60942813E-04  4.62207769E+00 -2.51314268E-02  1.34803150E+02  5.01085558E-01  2.81371128E+03  9.50346698E+00 -4.59230851E+04  1.11738707E+02  7.74036347E+05  1.01648692E+03 -7.28291974E+04 -1.14361725E+03 -2.01794113E+06
   18.831227883952334     
 -3.81219182E+03  9.21594582E-09 -7.89866793E-08 -3.85130640E-07 -7.53834890E-07  3.66143197E-07  6.30852019E-07  3.10735539E-07 -7.14977918E-07  5.65058924E-07 -7.20045015E-07 -2.09309970E-07 -1.29981579E-07 -8.60288590E-07 -1.36624338E-07  8.32803468E-07  6.17152687E-07 -7.77634978E-07 -1.85415014E-07  9.92809179E-07
  9.21594582E-09 -5.05787753E+03 -1.93696019E+00  8.40167986E+01 -4.87834397E+00 -1.24826449E+04 -1.71175825E-01  2.69793747E+02  1.08527750E-02  1.06225374E+01 -5.31858446E-04  5.09459115E-01 -4.90726683E-05 -2.77431899E-02 -3.63419808E-06  1.71070122E-03 -8.98903720E-07  1.19328822E-04 -7.12213085E-07  8.84195874E-06
 -7.89866793E-08 -1.93696019E+00 -1.52921008E+04 -5.81928481E+00 -2.47410468E+02 -1.09288517E+01  2.81296166E+04  4.82416813E-01 -7.28181666E+02  3.52325733E-02  3.27029928E+01  1.98551861E-03  1.74955150E+00 -1.97653455E-04  1.04666136E-01  1.54022072E-05  7.00718451E-03  1.54815126E-06 -5.26133259E-04  3.78206987E-07
 -3.85130640E-07  8.40167986E+01 -5.81928481E+00 -3.58846584E+04  1.17151179E+01 -5.69605442E+02  1.94191473E+01 -4.91062014E+04 -1.04170365E+00 -1.48616597E+03  8.61348689E-02 -7.50841410E+01  5.51395893E-03  4.44079097E+00  5.98847148E-04 -2.90057824E-01  4.79804456E-05 -2.10030643E-02 -7.80938357E-06 -1.69450762E-03
 -7.53834890E-07 -4.87834397E+00 -2.47410468E+02  1.17151179E+01 -6.70843105E+04 -1.99697004E+01 -1.12259402E+03  3.09687995E+01 -7.56099088E+04  1.97013900E+00  2.62767605E+03  1.82051552E-01  1.47710044E+02 -1.31181685E-02  9.58701717E+00  1.55337412E-03  6.80124715E-01  1.42084054E-04 -5.30714332E-02  1.66804125E-05
  3.66143197E-07 -1.24826449E+04 -1.09288517E+01 -5.69605442E+02 -1.99697004E+01 -1.09152703E+05  3.10896892E+01  1.98391029E+03 -4.63664010E+01 -1.07793438E+05  3.43514658E+00 -4.24267907E+03  3.51175969E-01  2.63003081E+02  2.82980091E-02 -1.86167910E+01  3.62088721E-03 -1.42809086E+00 -3.58205550E-04 -1.19670981E-01
  6.30852019E-07 -1.71175825E-01  2.81296166E+04  1.94191473E+01 -1.12259402E+03  3.10896892E+01 -1.62365658E+05  4.57483269E+01  3.23753973E+03  6.66345953E+01  1.45805722E+05  5.66928929E+00  6.42855213E+03 -6.36097650E-01  4.36231141E+02  5.69564087E-02  3.35003398E+01  7.85944245E-03 -2.76807497E+00  8.55165254E-04
  3.10735539E-07  2.69793747E+02  4.82416813E-01 -4.91062014E+04  3.09687995E+01  1.98391029E+03  4.57483269E+01 -2.27014642E+05  6.48194027E+01 -4.97467385E+03 -9.31030005E+01  1.89799591E+05 -8.99620827E+00 -9.29100462E+03 -1.10077923E+00  6.85913548E+02 -1.09003279E-01  5.68902544E+01  1.61813890E-02  5.04665462E+00
 -7.14977918E-07  1.08527750E-02 -7.28181666E+02 -1.04170365E+00 -7.56099088E+04 -4.63664010E+01  3.23753973E+03  6.48194027E+01 -3.03408419E+05 -8.94308653E+01  7.29452675E+03 -1.27506102E+02 -2.39934376E+05  1.38675642E+01 -1.29450310E+04 -1.84103931E+00 -1.03429209E+03 -2.00792776E-01  9.22920480E+01 -3.19992197E-02
  5.65058924E-07  1.06225374E+01  3.52325733E-02 -1.48616597E+03  1.97013900E+00 -1.07793438E+05  6.66345953E+01 -4.97467385E+03 -8.94308653E+01 -3.91874949E+05 -1.21040153E+02 -1.03052615E+04 -1.72117772E+02 -2.96377348E+05 -2.09159019E+01  1.75159808E+04 -3.00039937E+00  1.50788317E+03  3.59251234E-01  1.44272008E+02
 -7.20045015E-07 -5.31858449E-04  3.27029928E+01  8.61348689E-02  2.62767605E+03  3.43514658E+00  1.45805722E+05 -9.31030005E+01  7.29452675E+03 -1.21040153E+02 -4.92763552E+05  1.61538015E+02 -1.41250553E+04 -2.29937005E+02  3.59304900E+05  3.10314459E+01  2.31407885E+04  4.79436677E+00 -2.13812965E+03  6.28537016E-01
 -2.09309970E-07  5.09459115E-01  1.98551860E-03 -7.50841410E+01  1.82051552E-01 -4.24267907E+03  5.66928929E+00  1.89799591E+05 -1.27506102E+02 -1.03052615E+04  1.61538015E+02 -6.06447405E+05 -2.13391006E+02  1.88833341E+04 -3.04947554E+02  4.28903710E+05 -4.54743795E+01  2.99693993E+04  7.54788898E+00  2.96217465E+03
 -1.29981579E-07 -4.90726715E-05  1.74955150E+00  5.51395893E-03  1.47710044E+02  3.51175969E-01  6.42855213E+03 -8.99620827E+00 -2.39934376E+05 -1.72117772E+02 -1.41250553E+04 -2.13391006E+02 -7.33326423E+05 -2.79838960E+02 -2.47222117E+04  4.02483777E+02  5.05372022E+05  6.60414722E+01 -3.81664374E+04  1.17540264E+01
 -8.60288590E-07 -2.77431899E-02 -1.97653449E-04  4.44079097E+00 -1.31181685E-02  2.63003081E+02 -6.36097650E-01 -9.29100462E+03  1.38675642E+01 -2.96377348E+05 -2.29937005E+02  1.88833341E+04 -2.79838960E+02 -8.73830611E+05  3.65170635E+02  3.17981776E+04  5.29752968E+02 -5.88921091E+05 -9.53159748E+01 -4.79131698E+04
 -1.36624338E-07 -3.63419893E-06  1.04666136E-01  5.98847138E-04  9.58701717E+00  2.82980091E-02  4.36231141E+02 -1.10077923E+00 -1.29450310E+04 -2.09159019E+01  3.59304900E+05 -3.04947554E+02 -2.47222117E+04  3.65170635E+02 -1.02842399E+06  4.75113114E+02 -4.02840905E+04  6.96590094E+02 -6.79776876E+05  1.37046362E+02
  8.32803468E-07  1.71070122E-03  1.54022072E-05 -2.90057824E-01  1.55337411E-03 -1.86167910E+01  5.69564087E-02  6.85913548E+02 -1.84103931E+00  1.75159808E+04  3.10314459E+01  4.28903710E+05  4.02483777E+02  3.17981776E+04  4.75113114E+02 -1.19760924E+06 -6.17388685E+02 -5.03715482E+04  9.16562404E+02  7.78182030E+05
  6.17152687E-07 -8.98903890E-07  7.00718451E-03  4.79804429E-05  6.80124715E-01  3.62088721E-03  3.35003398E+01 -1.09003279E-01 -1.03429209E+03 -3.00039937E+00  2.31407885E+04 -4.54743795E+01  5.05372022E+05  5.29752968E+02 -4.02840905E+04 -6.17388685E+02 -1.38193316E+06  8.02521435E+02  6.22737289E+04  1.20859680E+03
 -7.77634978E-07  1.19328821E-04  1.54814855E-06 -2.10030643E-02  1.42084044E-04 -1.42809086E+00  7.85944244E-03  5.68902544E+01 -2.00792776E-01  1.50788317E+03  4.79436677E+00  2.99693993E+04  6.60414722E+01 -5.88921091E+05  6.96590094E+02 -5.03715482E+04  8.02521435E+02 -1.58199335E+06  1.04501538E+03 -7.62288223E+04
 -1.85415014E-07 -7.12209697E-07 -5.26133260E-04 -7.80938085E-06 -5.30714332E-02 -3.58205555E-04 -2.76807497E+00  1.61813891E-02  9.22920480E+01  3.59251234E-01 -2.13812965E+03  7.54788898E+00 -3.81664374E+04 -9.53159748E+01 -6.79776876E+05  9.16562404E+02  6.22737289E+04  1.04501538E+03 -1.79844616E+06 -1.36505476E+03
  9.92809179E-07  8.84196281E-06  3.78210375E-07 -1.69450762E-03  1.66803962E-05 -1.19670981E-01  8.55165236E-04  5.04665462E+00 -3.19992197E-02  1.44272008E+02  6.28537016E-01  2.96217465E+03  1.17540264E+01 -4.79131698E+04  1.37046362E+02  7.78182030E+05  1.20859680E+03 -7.62288223E+04 -1.36505476E+03 -2.03201647E+06
   18.549866985589517     
 -2.83435853E+03  4.07966526E-07  1.32762481E-06  9.14974089E-07  9.59474376E-07  2.82684965E-07  1.29582181E-07 -4.26640333E-09 -1.34489733E-06  6.11849878E-07 -9.06916301E-08  1.01765984E-06 -4.46429724E-07 -4.07060692E-07 -2.18265570E-07  1.31247306E-06 -1.37942178E-07 -5.93147352E-07 -4.79460039E-07 -2.30703710E-06
  4.07966526E-07 -5.05972839E+03 -2.10175794E+00  8.67291459E+01 -5.29954105E+00 -1.24902859E+04 -1.92849693E-01  2.78650375E+02  1.24494085E-02  1.10439164E+01 -6.23192196E-04  5.38619890E-01 -5.83871393E-05 -2.99621184E-02 -3.73335963E-06  1.88822253E-03 -3.38705945E-07  1.34549843E-04  3.15953793E-07  1.10901522E-05
  1.32762481E-06 -2.10175794E+00 -1.53015715E+04 -6.32779845E+00 -2.55566301E+02 -1.19174939E+01  2.81541359E+04  5.46019423E-01 -7.52595442E+02  4.06162886E-02  3.40395270E+01  2.33454112E-03  1.85242362E+00 -2.38075742E-04  1.13252041E-01  1.58481999E-05  7.76082377E-03  2.01557114E-06 -5.94480998E-04  2.49428028E-06
  9.14974089E-07  8.67291459E+01 -6.32779845E+00 -3.59137730E+04  1.27785021E+01 -5.88731464E+02  2.12610864E+01 -4.91622877E+04 -1.18478440E+00 -1.53707857E+03  9.98280965E-02 -7.82468571E+01  6.53180948E-03  4.70916182E+00  7.34277480E-04 -3.14475706E-01  6.30099854E-05 -2.33195193E-02 -6.63443909E-06 -1.92559899E-03
  9.59474376E-07 -5.29954105E+00 -2.55566301E+02  1.27785021E+01 -6.71539661E+04 -2.18594604E+01 -1.16100230E+03  3.40513150E+01 -7.57176008E+04  2.25227774E+00  2.71970141E+03  2.12217660E-01  1.54125455E+02 -1.56592350E-02  1.01828375E+01  1.90864041E-03  7.38918933E-01  1.76901338E-04 -5.90736162E-02  2.90031996E-05
  2.82684965E-07 -1.24902859E+04 -1.19174939E+01 -5.88731464E+02 -2.18594604E+01 -1.09293813E+05  3.41631349E+01  2.05313747E+03 -5.12137358E+01 -1.07978730E+05  3.94851321E+00 -4.39465695E+03  4.11897503E-01  2.74786670E+02  3.40325471E-02 -1.98073622E+01  4.49883704E-03 -1.55495402E+00 -4.64050255E-04 -1.33588737E-01
  1.29582181E-07 -1.92849693E-01  2.81541359E+04  2.12610864E+01 -1.16100230E+03  3.41631349E+01 -1.62620458E+05  5.04800673E+01  3.35286998E+03  7.39583130E+01  1.46101262E+05  6.55430039E+00  6.66421867E+03 -7.51030085E-01  4.56403329E+02  6.90777756E-02  3.57063524E+01  9.85903486E-03 -3.02097017E+00  1.11718585E-03
 -4.26640333E-09  2.78650375E+02  5.46019423E-01 -4.91622877E+04  3.40513150E+01  2.05313747E+03  5.04800673E+01 -2.27438183E+05  7.18431780E+01 -5.15575263E+03 -1.03872035E+02  1.90245481E+05 -1.04648025E+01 -9.63978059E+03 -1.30894394E+00  7.18667373E+02 -1.33386666E-01  6.07504863E+01  2.05047810E-02  5.52122026E+00
 -1.34489733E-06  1.24494085E-02 -7.52595442E+02 -1.18478440E+00 -7.57176008E+04 -5.12137358E+01  3.35286998E+03  7.18431780E+01 -3.04070293E+05 -9.95966092E+01  7.56608171E+03 -1.43044767E+02 -2.40579078E+05  1.62378575E+01 -1.34429480E+04 -2.20604209E+00 -1.08532498E+03 -2.48095328E-01  9.87499495E+01 -4.10024477E-02
  6.11849878E-07  1.10439164E+01  4.06162886E-02 -1.53707857E+03  2.25227774E+00 -1.07978730E+05  7.39583130E+01 -5.15575263E+03 -9.95966092E+01 -3.92861274E+05 -1.35492636E+02 -1.06979520E+04 -1.94244216E+02 -2.97278733E+05 -2.46642974E+01  1.82067730E+04 -3.62524489E+00  1.58480886E+03  4.48563694E-01  1.54690982E+02
 -9.06916301E-08 -6.23192198E-04  3.40395270E+01  9.98280965E-02  2.71970141E+03  3.94851321E+00  1.46101262E+05 -1.03872035E+02  7.56608171E+03 -1.35492636E+02 -4.94179290E+05  1.81826597E+02 -1.46764779E+04 -2.61160765E+02  3.60531450E+05  3.68714595E+01  2.40771849E+04  5.84532990E+00 -2.25099075E+03  7.93763834E-01
  1.01765984E-06  5.38619890E-01  2.33454112E-03 -7.82468571E+01  2.12217660E-01 -4.39465695E+03  6.55430039E+00  1.90245481E+05 -1.43044767E+02 -1.06979520E+04  1.81826597E+02 -6.08419057E+05 -2.41624329E+02  1.96392177E+04 -3.48754033E+02  4.30535920E+05 -5.44772985E+01  3.12146624E+04  9.29349583E+00  3.12408284E+03
 -4.46429724E-07 -5.83871428E-05  1.85242362E+00  6.53180948E-03  1.54125455E+02  4.11897503E-01  6.66421867E+03 -1.04648025E+01 -2.40579078E+05 -1.94244216E+02 -1.46764779E+04 -2.41624329E+02 -7.36005200E+05 -3.18904992E+02 -2.57378464E+04  4.63749327E+02  5.07504034E+05  7.98228902E+01 -3.97962053E+04  1.46287373E+01
 -4.07060692E-07 -2.99621184E-02 -2.38075738E-04  4.70916182E+00 -1.56592350E-02  2.74786670E+02 -7.51030085E-01 -9.63978059E+03  1.62378575E+01 -2.97278733E+05 -2.61160765E+02  1.96392177E+04 -3.18904992E+02 -8.77396181E+05  4.19053855E+02  3.31401322E+04  6.15357155E+02 -5.91662620E+05 -1.16327088E+02 -5.00176777E+04
 -2.18265570E-07 -3.73336277E-06  1.13252041E-01  7.34277472E-04  1.01828375E+01  3.40325471E-02  4.56403329E+02 -1.30894394E+00 -1.34429480E+04 -2.46642974E+01  3.60531450E+05 -3.48754033E+02 -2.57378464E+04  4.19053855E+02 -1.03308894E+06  5.49356657E+02 -4.20322919E+04  8.16331228E+02 -6.83255502E+05  1.69029360E+02
  1.31247306E-06  1.88822253E-03  1.58482006E-05 -3.14475706E-01  1.90864041E-03 -1.98073622E+01  6.90777757E-02  7.18667373E+02 -2.20604209E+00  1.82067730E+04  3.68714595E+01  4.30535920E+05  4.63749327E+02  3.31401322E+04  5.49356657E+02 -1.20362443E+06 -7.19776994E+02 -5.26218170E+04  1.08453827E+03  7.82545954E+05
 -1.37942178E-07 -3.38708401E-07  7.76082376E-03  6.30099732E-05  7.38918933E-01  4.49883705E-03  3.57063524E+01 -1.33386666E-01 -1.08532498E+03 -3.62524489E+00  2.40771849E+04 -5.44772985E+01  5.07504034E+05  6.15357155E+02 -4.20322919E+04 -7.19776994E+02 -1.38959423E+06  9.44098734E+02  6.51408957E+04  1.44526432E+03
 -5.93147352E-07  1.34549841E-04  2.01557521E-06 -2.33195193E-02  1.76901342E-04 -1.55495402E+00  9.85903486E-03  6.07504863E+01 -2.48095328E-01  1.58480886E+03  5.84532990E+00  3.12146624E+04  7.98228902E+01 -5.91662620E+05  8.16331228E+02 -5.26218170E+04  9.44098734E+02 -1.59164862E+06  1.24159929E+03 -7.98505731E+04
 -4.79460039E-07  3.15953454E-07 -5.94480999E-04 -6.63443909E-06 -5.90736162E-02 -4.64050272E-04 -3.02097017E+00  2.05047810E-02  9.87499495E+01  4.48563694E-01 -2.25099075E+03  9.29349583E+00 -3.97962053E+04 -1.16327088E+02 -6.83255502E+05  1.08453827E+03  6.51408957E+04  1.24159929E+03 -1.81050645E+06 -1.63933501E+03
 -2.30703710E-06  1.10901522E-05  2.49427757E-06 -1.92559899E-03  2.90031942E-05 -1.33588737E-01  1.11718587E-03  5.52122026E+00 -4.10024477E-02  1.54690982E+02  7.93763834E-01  3.12408284E+03  1.46287373E+01 -5.00176777E+04  1.69029360E+02  7.82545954E+05  1.44526432E+03 -7.98505731E+04 -1.63933501E+03 -2.04696700E+06
   18.272709953040202     
 -4.98952407E+07  2.49988027E+07 -9.96028147E-08 -7.74640261E-08 -3.79667299E-08  7.99170114E-08  1.32169604E-07  5.69024008E-08 -6.45664379E-08 -9.20850412E-08  4.04197851E-08  5.18847994E-08  9.15474831E-09 -1.12437218E-08  6.11461822E-08 -3.29403043E-08  7.87989503E-08  3.56922048E-08 -1.10239154E-08  1.24913087E-08
  2.49988027E+07 -5.00000000E+07 -2.49974692E+07 -1.01876389E+02  3.55697771E+05  1.39054390E+00 -3.70467501E+03  1.19005587E-02 -2.42733502E+00 -1.56095623E-03  3.47880218E-01  1.22775141E-04  4.50107590E-03  7.25582788E-06 -1.77926250E-05  3.59890069E-07 -2.70326296E-06 -3.11643072E-07 -2.00772558E-07  1.13797860E-07
 -9.96028147E-08 -2.49974692E+07 -4.99997917E+07 -2.46367361E+07  1.63692489E+02  6.27385894E+05 -2.80645207E+00  8.01611488E+03 -4.04950395E-02 -1.64027610E+01 -3.99309752E-03 -1.63868107E+00  5.01294666E-04  4.85627186E-02 -2.19607318E-05 -2.04349003E-03  2.12468931E-06 -1.43164126E-04 -2.34881559E-07 -1.24754373E-05
 -7.74640261E-08 -1.01876389E+02 -2.46367361E+07 -4.99996676E+07  2.43636997E+07  2.26442005E+02 -8.98286096E+05  4.60884678E+00 -1.36436876E+04 -8.99497052E-02 -4.17500111E+01  8.11757606E-03 -4.40476570E+00  1.42970705E-03 -1.65589772E-01  5.47565465E-05 -8.54531446E-03 -1.01578468E-05  6.49560267E-04  3.02188830E-07
