          10        4000
  1  1       0.00       2.00       3.00 **VQfit parameters
   5.000000000000E-01   0.000000000000E+00   0.000000000000E+00      0.000E+00
  1  2       2.00       3.00       4.00 **VQfit parameters
   0.000000000000E+00   0.000000000000E+00   0.000000000000E+00      0.000E+00
  1  2       1.00       2.00       3.00 **PmatFit parameters
   0.000000000000E+00   0.000000000000E+00   0.000000000000E+00      0.000E+00
  1  3       2.00       3.00       4.00 **VQfit parameters
   0.000000000000E+00   0.000000000000E+00   0.000000000000E+00      0.000E+00
  1  3       1.00       2.00       3.00 **PmatFit parameters
   7.071067507358E-01   2.404841379918E-05  -4.747789482426E-03      3.653E-15
  1  4       2.00       3.00       4.00 **VQfit parameters
   0.000000000000E+00   0.000000000000E+00   0.000000000000E+00      0.000E+00
  1  4       1.00       2.00       3.00 **PmatFit parameters
   0.000000000000E+00   0.000000000000E+00   0.000000000000E+00      0.000E+00
  1  5       2.00       3.00       4.00 **VQfit parameters
  -3.264451679931E+00  -2.065642093428E-03   4.078127743680E-01      7.884E-16
  1  5       1.00       2.00       3.00 **PmatFit parameters
   0.000000000000E+00   0.000000000000E+00   0.000000000000E+00      0.000E+00
  1  6       2.00       3.00       4.00 **VQfit parameters
   0.000000000000E+00   0.000000000000E+00   0.000000000000E+00      0.000E+00
  1  6       1.00       2.00       3.00 **PmatFit parameters
   0.000000000000E+00   0.000000000000E+00   0.000000000000E+00      0.000E+00
  1  7       2.00       3.00       4.00 **VQfit parameters
   0.000000000000E+00   0.000000000000E+00   0.000000000000E+00      0.000E+00
  1  7       1.00       2.00       3.00 **PmatFit parameters
   0.000000000000E+00   0.000000000000E+00   0.000000000000E+00      0.000E+00
  1  8       2.00       3.00       4.00 **VQfit parameters
   0.000000000000E+00   0.000000000000E+00   0.000000000000E+00      0.000E+00
  1  8       1.00       2.00       3.00 **PmatFit parameters
   0.000000000000E+00   0.000000000000E+00   0.000000000000E+00      0.000E+00
  1  9       2.00       3.00       4.00 **VQfit parameters
   0.000000000000E+00   0.000000000000E+00   0.000000000000E+00      0.000E+00
  1  9       1.00       2.00       3.00 **PmatFit parameters
   0.000000000000E+00   0.000000000000E+00   0.000000000000E+00      0.000E+00
  1 10       2.00       3.00       4.00 **VQfit parameters
   0.000000000000E+00   0.000000000000E+00   0.000000000000E+00      0.000E+00
  1 10       1.00       2.00       3.00 **PmatFit parameters
   0.000000000000E+00   0.000000000000E+00   0.000000000000E+00      0.000E+00
  2  2       0.00       2.00       3.00 **VQfit parameters
   1.500000067068E+00  -3.137765961405E-02   8.260142290736E+00      9.453E-12
  2  3       2.00       3.00       4.00 **VQfit parameters
   0.000000000000E+00   0.000000000000E+00   0.000000000000E+00      0.000E+00
  2  3       1.00       2.00       3.00 **PmatFit parameters
   0.000000000000E+00   0.000000000000E+00   0.000000000000E+00      0.000E+00
  2  4       2.00       3.00       4.00 **VQfit parameters
   0.000000000000E+00   0.000000000000E+00   0.000000000000E+00      0.000E+00
  2  4       1.00       2.00       3.00 **PmatFit parameters
   1.224744500602E+00   2.928426722159E-04  -5.781743202660E-02      4.409E-14
  2  5       2.00       3.00       4.00 **VQfit parameters
   0.000000000000E+00   0.000000000000E+00   0.000000000000E+00      0.000E+00
  2  5       1.00       2.00       3.00 **PmatFit parameters
   0.000000000000E+00   0.000000000000E+00   0.000000000000E+00      0.000E+00
  2  6       2.00       3.00       4.00 **VQfit parameters
  -7.299538656778E+00  -2.414585338927E-03   4.767043193396E-01      9.217E-16
  2  6       1.00       2.00       3.00 **PmatFit parameters
   0.000000000000E+00   0.000000000000E+00   0.000000000000E+00      0.000E+00
  2  7       2.00       3.00       4.00 **VQfit parameters
   0.000000000000E+00   0.000000000000E+00   0.000000000000E+00      0.000E+00
  2  7       1.00       2.00       3.00 **PmatFit parameters
   0.000000000000E+00   0.000000000000E+00   0.000000000000E+00      0.000E+00
  2  8       2.00       3.00       4.00 **VQfit parameters
   0.000000000000E+00   0.000000000000E+00   0.000000000000E+00      0.000E+00
  2  8       1.00       2.00       3.00 **PmatFit parameters
   0.000000000000E+00   0.000000000000E+00   0.000000000000E+00      0.000E+00
  2  9       2.00       3.00       4.00 **VQfit parameters
   0.000000000000E+00   0.000000000000E+00   0.000000000000E+00      0.000E+00
  2  9       1.00       2.00       3.00 **PmatFit parameters
   0.000000000000E+00   0.000000000000E+00   0.000000000000E+00      0.000E+00
  2 10       2.00       3.00       4.00 **VQfit parameters
   0.000000000000E+00   0.000000000000E+00   0.000000000000E+00      0.000E+00
  2 10       1.00       2.00       3.00 **PmatFit parameters
   0.000000000000E+00   0.000000000000E+00   0.000000000000E+00      0.000E+00
  3  3       0.00       2.00       3.00 **VQfit parameters
   2.500000178850E+00  -8.367342103179E-02   2.202678372057E+01      2.521E-11
  3  4       2.00       3.00       4.00 **VQfit parameters
   0.000000000000E+00   0.000000000000E+00   0.000000000000E+00      0.000E+00
  3  4       1.00       2.00       3.00 **PmatFit parameters
   0.000000000000E+00   0.000000000000E+00   0.000000000000E+00      0.000E+00
  3  5       2.00       3.00       4.00 **VQfit parameters
   0.000000000000E+00   0.000000000000E+00   0.000000000000E+00      0.000E+00
  3  5       1.00       2.00       3.00 **PmatFit parameters
   1.732050027672E+00   6.159462934067E-04  -1.216089830014E-01      9.275E-14
  3  6       2.00       3.00       4.00 **VQfit parameters
   0.000000000000E+00   0.000000000000E+00   0.000000000000E+00      0.000E+00
  3  6       1.00       2.00       3.00 **PmatFit parameters
   0.000000000000E+00   0.000000000000E+00   0.000000000000E+00      0.000E+00
  3  7       2.00       3.00       4.00 **VQfit parameters
  -1.264317256871E+01  -3.595102644141E-03   7.097667879082E-01      1.372E-15
  3  7       1.00       2.00       3.00 **PmatFit parameters
   0.000000000000E+00   0.000000000000E+00   0.000000000000E+00      0.000E+00
  3  8       2.00       3.00       4.00 **VQfit parameters
   0.000000000000E+00   0.000000000000E+00   0.000000000000E+00      0.000E+00
  3  8       1.00       2.00       3.00 **PmatFit parameters
   0.000000000000E+00   0.000000000000E+00   0.000000000000E+00      0.000E+00
  3  9       2.00       3.00       4.00 **VQfit parameters
   0.000000000000E+00   0.000000000000E+00   0.000000000000E+00      0.000E+00
  3  9       1.00       2.00       3.00 **PmatFit parameters
   0.000000000000E+00   0.000000000000E+00   0.000000000000E+00      0.000E+00
  3 10       2.00       3.00       4.00 **VQfit parameters
   0.000000000000E+00   0.000000000000E+00   0.000000000000E+00      0.000E+00
  3 10       1.00       2.00       3.00 **PmatFit parameters
   0.000000000000E+00   0.000000000000E+00   0.000000000000E+00      0.000E+00
  4  4       0.00       2.00       3.00 **VQfit parameters
   3.499999932931E+00   3.137749064455E-02  -8.260011096705E+00      9.453E-12
  4  5       2.00       3.00       4.00 **VQfit parameters
   0.000000000000E+00   0.000000000000E+00   0.000000000000E+00      0.000E+00
  4  5       1.00       2.00       3.00 **PmatFit parameters
   0.000000000000E+00   0.000000000000E+00   0.000000000000E+00      0.000E+00
  4  6       2.00       3.00       4.00 **VQfit parameters
   0.000000000000E+00   0.000000000000E+00   0.000000000000E+00      0.000E+00
  4  6       1.00       2.00       3.00 **PmatFit parameters
   2.236067865376E+00   8.855402056427E-05  -1.748382848510E-02      1.345E-14
  4  7       2.00       3.00       4.00 **VQfit parameters
   0.000000000000E+00   0.000000000000E+00   0.000000000000E+00      0.000E+00
  4  7       1.00       2.00       3.00 **PmatFit parameters
   0.000000000000E+00   0.000000000000E+00   0.000000000000E+00      0.000E+00
  4  8       2.00       3.00       4.00 **VQfit parameters
  -1.931276530249E+01  -5.337127110741E-03   1.053694677015E+00      2.038E-15
  4  8       1.00       2.00       3.00 **PmatFit parameters
   0.000000000000E+00   0.000000000000E+00   0.000000000000E+00      0.000E+00
  4  9       2.00       3.00       4.00 **VQfit parameters
   0.000000000000E+00   0.000000000000E+00   0.000000000000E+00      0.000E+00
  4  9       1.00       2.00       3.00 **PmatFit parameters
   0.000000000000E+00   0.000000000000E+00   0.000000000000E+00      0.000E+00
  4 10       2.00       3.00       4.00 **VQfit parameters
   0.000000000000E+00   0.000000000000E+00   0.000000000000E+00      0.000E+00
  4 10       1.00       2.00       3.00 **PmatFit parameters
   0.000000000000E+00   0.000000000000E+00   0.000000000000E+00      0.000E+00
  5  5       0.00       2.00       3.00 **VQfit parameters
   4.500000357699E+00  -1.673468420636E-01   4.405356744113E+01      5.041E-11
  5  6       2.00       3.00       4.00 **VQfit parameters
   0.000000000000E+00   0.000000000000E+00   0.000000000000E+00      0.000E+00
  5  6       1.00       2.00       3.00 **PmatFit parameters
   0.000000000000E+00   0.000000000000E+00   0.000000000000E+00      0.000E+00
  5  7       2.00       3.00       4.00 **VQfit parameters
   0.000000000000E+00   0.000000000000E+00   0.000000000000E+00      0.000E+00
  5  7       1.00       2.00       3.00 **PmatFit parameters
   2.738612815741E+00  -2.228157667642E-05   4.398696671503E-03      3.312E-15
  5  8       2.00       3.00       4.00 **VQfit parameters
   0.000000000000E+00   0.000000000000E+00   0.000000000000E+00      0.000E+00
  5  8       1.00       2.00       3.00 **PmatFit parameters
   0.000000000000E+00   0.000000000000E+00   0.000000000000E+00      0.000E+00
  5  9       2.00       3.00       4.00 **VQfit parameters
   0.000000000000E+00   0.000000000000E+00   0.000000000000E+00      0.000E+00
  5  9       1.00       2.00       3.00 **PmatFit parameters
   0.000000000000E+00   0.000000000000E+00   0.000000000000E+00      0.000E+00
  5 10       2.00       3.00       4.00 **VQfit parameters
   0.000000000000E+00   0.000000000000E+00   0.000000000000E+00      0.000E+00
  5 10       1.00       2.00       3.00 **PmatFit parameters
   0.000000000000E+00   0.000000000000E+00   0.000000000000E+00      0.000E+00
  6  6       0.00       2.00       3.00 **VQfit parameters
   5.500000089424E+00  -4.183687948540E-02   1.101352305431E+01      1.260E-11
  6  7       2.00       3.00       4.00 **VQfit parameters
   0.000000000000E+00   0.000000000000E+00   0.000000000000E+00      0.000E+00
  6  7       1.00       2.00       3.00 **PmatFit parameters
   0.000000000000E+00   0.000000000000E+00   0.000000000000E+00      0.000E+00
  6  8       2.00       3.00       4.00 **VQfit parameters
   0.000000000000E+00   0.000000000000E+00   0.000000000000E+00      0.000E+00
  6  8       1.00       2.00       3.00 **PmatFit parameters
   3.240368582324E+00   1.395446682431E-03  -2.755095744197E-01      2.103E-13
  6  9       2.00       3.00       4.00 **VQfit parameters
   0.000000000000E+00   0.000000000000E+00   0.000000000000E+00      0.000E+00
  6  9       1.00       2.00       3.00 **PmatFit parameters
   0.000000000000E+00   0.000000000000E+00   0.000000000000E+00      0.000E+00
  6 10       2.00       3.00       4.00 **VQfit parameters
   0.000000000000E+00   0.000000000000E+00   0.000000000000E+00      0.000E+00
  6 10       1.00       2.00       3.00 **PmatFit parameters
   0.000000000000E+00   0.000000000000E+00   0.000000000000E+00      0.000E+00
  7  7       0.00       2.00       3.00 **VQfit parameters
   6.500000134138E+00  -6.275498128909E-02   1.652002219341E+01      1.891E-11
  7  8       2.00       3.00       4.00 **VQfit parameters
   0.000000000000E+00   0.000000000000E+00   0.000000000000E+00      0.000E+00
  7  8       1.00       2.00       3.00 **PmatFit parameters
   0.000000000000E+00   0.000000000000E+00   0.000000000000E+00      0.000E+00
  7  9       2.00       3.00       4.00 **VQfit parameters
   0.000000000000E+00   0.000000000000E+00   0.000000000000E+00      0.000E+00
  7  9       1.00       2.00       3.00 **PmatFit parameters
   0.000000000000E+00   0.000000000000E+00   0.000000000000E+00      0.000E+00
  7 10       2.00       3.00       4.00 **VQfit parameters
   0.000000000000E+00   0.000000000000E+00   0.000000000000E+00      0.000E+00
  7 10       1.00       2.00       3.00 **PmatFit parameters
   0.000000000000E+00   0.000000000000E+00   0.000000000000E+00      0.000E+00
  8  8       0.00       2.00       3.00 **VQfit parameters
   7.500000178848E+00  -8.367375897080E-02   2.202704610863E+01      2.521E-11
  8  9       2.00       3.00       4.00 **VQfit parameters
   0.000000000000E+00   0.000000000000E+00   0.000000000000E+00      0.000E+00
  8  9       1.00       2.00       3.00 **PmatFit parameters
   0.000000000000E+00   0.000000000000E+00   0.000000000000E+00      0.000E+00
  8 10       2.00       3.00       4.00 **VQfit parameters
   0.000000000000E+00   0.000000000000E+00   0.000000000000E+00      0.000E+00
  8 10       1.00       2.00       3.00 **PmatFit parameters
   0.000000000000E+00   0.000000000000E+00   0.000000000000E+00      0.000E+00
  9  9       0.00       2.00       3.00 **VQfit parameters
   4.710776850193E+04  -1.102161710371E+10   2.321119104076E+12      2.814E-02
  9 10       2.00       3.00       4.00 **VQfit parameters
   0.000000000000E+00   0.000000000000E+00   0.000000000000E+00      0.000E+00
  9 10       1.00       2.00       3.00 **PmatFit parameters
   0.000000000000E+00   0.000000000000E+00   0.000000000000E+00      0.000E+00
 10 10       0.00       2.00       3.00 **VQfit parameters
   4.706360574516E+04  -1.101473029051E+10   2.319759386099E+12      2.813E-02
