          10         800
  1  1       0.00       2.00       3.00 **VQfit parameters
   5.000000000004E-01  -3.480001186593E-09   1.265087336630E-07      2.834E-15
  1  2       2.00       3.00       4.00 **VQfit parameters
   0.000000000000E+00   0.000000000000E+00   0.000000000000E+00      0.000E+00
  1  2       1.00       2.00       3.00 **PmatFit parameters
   0.000000000000E+00   0.000000000000E+00   0.000000000000E+00      0.000E+00
  1  3       2.00       3.00       4.00 **VQfit parameters
   0.000000000000E+00   0.000000000000E+00   0.000000000000E+00      0.000E+00
  1  3       1.00       2.00       3.00 **PmatFit parameters
   7.071067811245E-01   6.755993339448E-09  -1.832163671251E-07      4.215E-15
  1  4       2.00       3.00       4.00 **VQfit parameters
   0.000000000000E+00   0.000000000000E+00   0.000000000000E+00      0.000E+00
  1  4       1.00       2.00       3.00 **PmatFit parameters
   0.000000000000E+00   0.000000000000E+00   0.000000000000E+00      0.000E+00
  1  5       2.00       3.00       4.00 **VQfit parameters
  -3.264454295688E+00   2.025705413667E-08  -5.527497677488E-07      2.865E-16
  1  5       1.00       2.00       3.00 **PmatFit parameters
   0.000000000000E+00   0.000000000000E+00   0.000000000000E+00      0.000E+00
  1  6       2.00       3.00       4.00 **VQfit parameters
   0.000000000000E+00   0.000000000000E+00   0.000000000000E+00      0.000E+00
  1  6       1.00       2.00       3.00 **PmatFit parameters
   0.000000000000E+00   0.000000000000E+00   0.000000000000E+00      0.000E+00
  1  7       2.00       3.00       4.00 **VQfit parameters
   0.000000000000E+00   0.000000000000E+00   0.000000000000E+00      0.000E+00
  1  7       1.00       2.00       3.00 **PmatFit parameters
   0.000000000000E+00   0.000000000000E+00   0.000000000000E+00      0.000E+00
  1  8       2.00       3.00       4.00 **VQfit parameters
   0.000000000000E+00   0.000000000000E+00   0.000000000000E+00      0.000E+00
  1  8       1.00       2.00       3.00 **PmatFit parameters
   0.000000000000E+00   0.000000000000E+00   0.000000000000E+00      0.000E+00
  1  9       2.00       3.00       4.00 **VQfit parameters
   0.000000000000E+00   0.000000000000E+00   0.000000000000E+00      0.000E+00
  1  9       1.00       2.00       3.00 **PmatFit parameters
   0.000000000000E+00   0.000000000000E+00   0.000000000000E+00      0.000E+00
  1 10       2.00       3.00       4.00 **VQfit parameters
   0.000000000000E+00   0.000000000000E+00   0.000000000000E+00      0.000E+00
  1 10       1.00       2.00       3.00 **PmatFit parameters
   0.000000000000E+00   0.000000000000E+00   0.000000000000E+00      0.000E+00
  2  2       0.00       2.00       3.00 **VQfit parameters
   1.500000000044E+00  -3.966198302216E-07   1.440430475327E-05      3.227E-13
  2  3       2.00       3.00       4.00 **VQfit parameters
   0.000000000000E+00   0.000000000000E+00   0.000000000000E+00      0.000E+00
  2  3       1.00       2.00       3.00 **PmatFit parameters
   0.000000000000E+00   0.000000000000E+00   0.000000000000E+00      0.000E+00
  2  4       2.00       3.00       4.00 **VQfit parameters
   0.000000000000E+00   0.000000000000E+00   0.000000000000E+00      0.000E+00
  2  4       1.00       2.00       3.00 **PmatFit parameters
   1.224744871264E+00   1.388200414628E-08  -3.771468344772E-07      6.323E-15
  2  5       2.00       3.00       4.00 **VQfit parameters
   0.000000000000E+00   0.000000000000E+00   0.000000000000E+00      0.000E+00
  2  5       1.00       2.00       3.00 **PmatFit parameters
   0.000000000000E+00   0.000000000000E+00   0.000000000000E+00      0.000E+00
  2  6       2.00       3.00       4.00 **VQfit parameters
  -7.299541715225E+00   1.133872817193E-07  -3.080542321598E-06      8.181E-16
  2  6       1.00       2.00       3.00 **PmatFit parameters
   0.000000000000E+00   0.000000000000E+00   0.000000000000E+00      0.000E+00
  2  7       2.00       3.00       4.00 **VQfit parameters
   0.000000000000E+00   0.000000000000E+00   0.000000000000E+00      0.000E+00
  2  7       1.00       2.00       3.00 **PmatFit parameters
   0.000000000000E+00   0.000000000000E+00   0.000000000000E+00      0.000E+00
  2  8       2.00       3.00       4.00 **VQfit parameters
   0.000000000000E+00   0.000000000000E+00   0.000000000000E+00      0.000E+00
  2  8       1.00       2.00       3.00 **PmatFit parameters
   0.000000000000E+00   0.000000000000E+00   0.000000000000E+00      0.000E+00
  2  9       2.00       3.00       4.00 **VQfit parameters
   0.000000000000E+00   0.000000000000E+00   0.000000000000E+00      0.000E+00
  2  9       1.00       2.00       3.00 **PmatFit parameters
   0.000000000000E+00   0.000000000000E+00   0.000000000000E+00      0.000E+00
  2 10       2.00       3.00       4.00 **VQfit parameters
   0.000000000000E+00   0.000000000000E+00   0.000000000000E+00      0.000E+00
  2 10       1.00       2.00       3.00 **PmatFit parameters
   0.000000000000E+00   0.000000000000E+00   0.000000000000E+00      0.000E+00
  3  3       0.00       2.00       3.00 **VQfit parameters
   2.500000000049E+00  -4.404193318201E-07   1.599098383095E-05      3.583E-13
  3  4       2.00       3.00       4.00 **VQfit parameters
   0.000000000000E+00   0.000000000000E+00   0.000000000000E+00      0.000E+00
  3  4       1.00       2.00       3.00 **PmatFit parameters
   0.000000000000E+00   0.000000000000E+00   0.000000000000E+00      0.000E+00
  3  5       2.00       3.00       4.00 **VQfit parameters
   0.000000000000E+00   0.000000000000E+00   0.000000000000E+00      0.000E+00
  3  5       1.00       2.00       3.00 **PmatFit parameters
   1.732050807286E+00   3.088621827728E-08  -8.398253000942E-07      1.320E-14
  3  6       2.00       3.00       4.00 **VQfit parameters
   0.000000000000E+00   0.000000000000E+00   0.000000000000E+00      0.000E+00
  3  6       1.00       2.00       3.00 **PmatFit parameters
   0.000000000000E+00   0.000000000000E+00   0.000000000000E+00      0.000E+00
  3  7       2.00       3.00       4.00 **VQfit parameters
  -1.264317711870E+01  -2.434524092157E-07   6.617980261532E-06      1.917E-15
  3  7       1.00       2.00       3.00 **PmatFit parameters
   0.000000000000E+00   0.000000000000E+00   0.000000000000E+00      0.000E+00
  3  8       2.00       3.00       4.00 **VQfit parameters
   0.000000000000E+00   0.000000000000E+00   0.000000000000E+00      0.000E+00
  3  8       1.00       2.00       3.00 **PmatFit parameters
   0.000000000000E+00   0.000000000000E+00   0.000000000000E+00      0.000E+00
  3  9       2.00       3.00       4.00 **VQfit parameters
   0.000000000000E+00   0.000000000000E+00   0.000000000000E+00      0.000E+00
  3  9       1.00       2.00       3.00 **PmatFit parameters
   0.000000000000E+00   0.000000000000E+00   0.000000000000E+00      0.000E+00
  3 10       2.00       3.00       4.00 **VQfit parameters
   0.000000000000E+00   0.000000000000E+00   0.000000000000E+00      0.000E+00
  3 10       1.00       2.00       3.00 **PmatFit parameters
   0.000000000000E+00   0.000000000000E+00   0.000000000000E+00      0.000E+00
  4  4       0.00       2.00       3.00 **VQfit parameters
   3.500000000136E+00  -1.217816302716E-06   4.421914667722E-05      9.907E-13
  4  5       2.00       3.00       4.00 **VQfit parameters
   0.000000000000E+00   0.000000000000E+00   0.000000000000E+00      0.000E+00
  4  5       1.00       2.00       3.00 **PmatFit parameters
   0.000000000000E+00   0.000000000000E+00   0.000000000000E+00      0.000E+00
  4  6       2.00       3.00       4.00 **VQfit parameters
   0.000000000000E+00   0.000000000000E+00   0.000000000000E+00      0.000E+00
  4  6       1.00       2.00       3.00 **PmatFit parameters
   2.236067977515E+00  -1.701950451491E-09   4.664280385742E-08      3.128E-15
  4  7       2.00       3.00       4.00 **VQfit parameters
   0.000000000000E+00   0.000000000000E+00   0.000000000000E+00      0.000E+00
  4  7       1.00       2.00       3.00 **PmatFit parameters
   0.000000000000E+00   0.000000000000E+00   0.000000000000E+00      0.000E+00
  4  8       2.00       3.00       4.00 **VQfit parameters
  -1.931277206370E+01   3.515024507460E-07  -9.546361909841E-06      2.552E-15
  4  8       1.00       2.00       3.00 **PmatFit parameters
   0.000000000000E+00   0.000000000000E+00   0.000000000000E+00      0.000E+00
  4  9       2.00       3.00       4.00 **VQfit parameters
   0.000000000000E+00   0.000000000000E+00   0.000000000000E+00      0.000E+00
  4  9       1.00       2.00       3.00 **PmatFit parameters
   0.000000000000E+00   0.000000000000E+00   0.000000000000E+00      0.000E+00
  4 10       2.00       3.00       4.00 **VQfit parameters
   0.000000000000E+00   0.000000000000E+00   0.000000000000E+00      0.000E+00
  4 10       1.00       2.00       3.00 **PmatFit parameters
   0.000000000000E+00   0.000000000000E+00   0.000000000000E+00      0.000E+00
  5  5       0.00       2.00       3.00 **VQfit parameters
   4.500000000008E+00  -7.440823550774E-08   2.713932308255E-06      6.163E-14
  5  6       2.00       3.00       4.00 **VQfit parameters
   0.000000000000E+00   0.000000000000E+00   0.000000000000E+00      0.000E+00
  5  6       1.00       2.00       3.00 **PmatFit parameters
   0.000000000000E+00   0.000000000000E+00   0.000000000000E+00      0.000E+00
  5  7       2.00       3.00       4.00 **VQfit parameters
   0.000000000000E+00   0.000000000000E+00   0.000000000000E+00      0.000E+00
  5  7       1.00       2.00       3.00 **PmatFit parameters
   2.738612787474E+00   5.633973438630E-09  -1.531063272720E-07      4.638E-15
  5  8       2.00       3.00       4.00 **VQfit parameters
   0.000000000000E+00   0.000000000000E+00   0.000000000000E+00      0.000E+00
  5  8       1.00       2.00       3.00 **PmatFit parameters
   0.000000000000E+00   0.000000000000E+00   0.000000000000E+00      0.000E+00
  5  9       2.00       3.00       4.00 **VQfit parameters
   0.000000000000E+00   0.000000000000E+00   0.000000000000E+00      0.000E+00
  5  9       1.00       2.00       3.00 **PmatFit parameters
   0.000000000000E+00   0.000000000000E+00   0.000000000000E+00      0.000E+00
  5 10       2.00       3.00       4.00 **VQfit parameters
   0.000000000000E+00   0.000000000000E+00   0.000000000000E+00      0.000E+00
  5 10       1.00       2.00       3.00 **PmatFit parameters
   0.000000000000E+00   0.000000000000E+00   0.000000000000E+00      0.000E+00
  6  6       0.00       2.00       3.00 **VQfit parameters
   5.500000000189E+00  -1.694959830976E-06   6.154750390472E-05      1.379E-12
  6  7       2.00       3.00       4.00 **VQfit parameters
   0.000000000000E+00   0.000000000000E+00   0.000000000000E+00      0.000E+00
  6  7       1.00       2.00       3.00 **PmatFit parameters
   0.000000000000E+00   0.000000000000E+00   0.000000000000E+00      0.000E+00
  6  8       2.00       3.00       4.00 **VQfit parameters
   0.000000000000E+00   0.000000000000E+00   0.000000000000E+00      0.000E+00
  6  8       1.00       2.00       3.00 **PmatFit parameters
   3.240370348757E+00   4.875761351380E-08  -1.326470129838E-06      2.032E-14
  6  9       2.00       3.00       4.00 **VQfit parameters
   0.000000000000E+00   0.000000000000E+00   0.000000000000E+00      0.000E+00
  6  9       1.00       2.00       3.00 **PmatFit parameters
   0.000000000000E+00   0.000000000000E+00   0.000000000000E+00      0.000E+00
  6 10       2.00       3.00       4.00 **VQfit parameters
   0.000000000000E+00   0.000000000000E+00   0.000000000000E+00      0.000E+00
  6 10       1.00       2.00       3.00 **PmatFit parameters
   0.000000000000E+00   0.000000000000E+00   0.000000000000E+00      0.000E+00
  7  7       0.00       2.00       3.00 **VQfit parameters
   6.500000000112E+00  -1.009007232879E-06   3.664137665171E-05      8.208E-13
  7  8       2.00       3.00       4.00 **VQfit parameters
   0.000000000000E+00   0.000000000000E+00   0.000000000000E+00      0.000E+00
  7  8       1.00       2.00       3.00 **PmatFit parameters
   0.000000000000E+00   0.000000000000E+00   0.000000000000E+00      0.000E+00
  7  9       2.00       3.00       4.00 **VQfit parameters
   0.000000000000E+00   0.000000000000E+00   0.000000000000E+00      0.000E+00
  7  9       1.00       2.00       3.00 **PmatFit parameters
   0.000000000000E+00   0.000000000000E+00   0.000000000000E+00      0.000E+00
  7 10       2.00       3.00       4.00 **VQfit parameters
   0.000000000000E+00   0.000000000000E+00   0.000000000000E+00      0.000E+00
  7 10       1.00       2.00       3.00 **PmatFit parameters
   0.000000000000E+00   0.000000000000E+00   0.000000000000E+00      0.000E+00
  8  8       0.00       2.00       3.00 **VQfit parameters
   7.500000000276E+00  -2.478355461845E-06   8.999147835550E-05      2.016E-12
  8  9       2.00       3.00       4.00 **VQfit parameters
   0.000000000000E+00   0.000000000000E+00   0.000000000000E+00      0.000E+00
  8  9       1.00       2.00       3.00 **PmatFit parameters
   0.000000000000E+00   0.000000000000E+00   0.000000000000E+00      0.000E+00
  8 10       2.00       3.00       4.00 **VQfit parameters
   0.000000000000E+00   0.000000000000E+00   0.000000000000E+00      0.000E+00
  8 10       1.00       2.00       3.00 **PmatFit parameters
   0.000000000000E+00   0.000000000000E+00   0.000000000000E+00      0.000E+00
  9  9       0.00       2.00       3.00 **VQfit parameters
   9.034497125522E+02  -4.073254818506E+06   1.184086060781E+08      2.028E-01
  9 10       2.00       3.00       4.00 **VQfit parameters
   0.000000000000E+00   0.000000000000E+00   0.000000000000E+00      0.000E+00
  9 10       1.00       2.00       3.00 **PmatFit parameters
   0.000000000000E+00   0.000000000000E+00   0.000000000000E+00      0.000E+00
 10 10       0.00       2.00       3.00 **VQfit parameters
   8.986877970470E+02  -4.059028549491E+06   1.180207660702E+08      2.023E-01
