          12        1000
  1  1       0.00       2.00       3.00 **VQfit parameters
   5.000000000000E-01   0.000000000000E+00   0.000000000000E+00      0.000E+00
  1  2       2.00       3.00       4.00 **VQfit parameters
   0.000000000000E+00   0.000000000000E+00   0.000000000000E+00      0.000E+00
  1  2       1.00       2.00       3.00 **PmatFit parameters
   0.000000000000E+00   0.000000000000E+00   0.000000000000E+00      0.000E+00
  1  3       2.00       3.00       4.00 **VQfit parameters
   0.000000000000E+00   0.000000000000E+00   0.000000000000E+00      0.000E+00
  1  3       1.00       2.00       3.00 **PmatFit parameters
   7.071067783204E-01   8.297668535995E-07  -6.003194999524E-05      6.731E-15
  1  4       2.00       3.00       4.00 **VQfit parameters
   0.000000000000E+00   0.000000000000E+00   0.000000000000E+00      0.000E+00
  1  4       1.00       2.00       3.00 **PmatFit parameters
   0.000000000000E+00   0.000000000000E+00   0.000000000000E+00      0.000E+00
  1  5       2.00       3.00       4.00 **VQfit parameters
  -3.264454299937E+00   1.282738661547E-06  -9.271441534508E-05      1.138E-16
  1  5       1.00       2.00       3.00 **PmatFit parameters
   0.000000000000E+00   0.000000000000E+00   0.000000000000E+00      0.000E+00
  1  6       2.00       3.00       4.00 **VQfit parameters
   0.000000000000E+00   0.000000000000E+00   0.000000000000E+00      0.000E+00
  1  6       1.00       2.00       3.00 **PmatFit parameters
   0.000000000000E+00   0.000000000000E+00   0.000000000000E+00      0.000E+00
  1  7       2.00       3.00       4.00 **VQfit parameters
   0.000000000000E+00   0.000000000000E+00   0.000000000000E+00      0.000E+00
  1  7       1.00       2.00       3.00 **PmatFit parameters
   0.000000000000E+00   0.000000000000E+00   0.000000000000E+00      0.000E+00
  1  8       2.00       3.00       4.00 **VQfit parameters
   0.000000000000E+00   0.000000000000E+00   0.000000000000E+00      0.000E+00
  1  8       1.00       2.00       3.00 **PmatFit parameters
   0.000000000000E+00   0.000000000000E+00   0.000000000000E+00      0.000E+00
  1  9       2.00       3.00       4.00 **VQfit parameters
   0.000000000000E+00   0.000000000000E+00   0.000000000000E+00      0.000E+00
  1  9       1.00       2.00       3.00 **PmatFit parameters
   0.000000000000E+00   0.000000000000E+00   0.000000000000E+00      0.000E+00
  1 10       2.00       3.00       4.00 **VQfit parameters
   0.000000000000E+00   0.000000000000E+00   0.000000000000E+00      0.000E+00
  1 10       1.00       2.00       3.00 **PmatFit parameters
   0.000000000000E+00   0.000000000000E+00   0.000000000000E+00      0.000E+00
  1 11       2.00       3.00       4.00 **VQfit parameters
   0.000000000000E+00   0.000000000000E+00   0.000000000000E+00      0.000E+00
  1 11       1.00       2.00       3.00 **PmatFit parameters
   0.000000000000E+00   0.000000000000E+00   0.000000000000E+00      0.000E+00
  1 12       2.00       3.00       4.00 **VQfit parameters
   0.000000000000E+00   0.000000000000E+00   0.000000000000E+00      0.000E+00
  1 12       1.00       2.00       3.00 **PmatFit parameters
   0.000000000000E+00   0.000000000000E+00   0.000000000000E+00      0.000E+00
  2  2       0.00       2.00       3.00 **VQfit parameters
   1.499999999059E+00   5.914962174079E-05  -5.704702041797E-03      9.971E-13
  2  3       2.00       3.00       4.00 **VQfit parameters
   0.000000000000E+00   0.000000000000E+00   0.000000000000E+00      0.000E+00
  2  3       1.00       2.00       3.00 **PmatFit parameters
   0.000000000000E+00   0.000000000000E+00   0.000000000000E+00      0.000E+00
  2  4       2.00       3.00       4.00 **VQfit parameters
   0.000000000000E+00   0.000000000000E+00   0.000000000000E+00      0.000E+00
  2  4       1.00       2.00       3.00 **PmatFit parameters
   1.224744880416E+00  -2.611686093530E-06   1.888897077718E-04      2.256E-14
  2  5       2.00       3.00       4.00 **VQfit parameters
   0.000000000000E+00   0.000000000000E+00   0.000000000000E+00      0.000E+00
  2  5       1.00       2.00       3.00 **PmatFit parameters
   0.000000000000E+00   0.000000000000E+00   0.000000000000E+00      0.000E+00
  2  6       2.00       3.00       4.00 **VQfit parameters
  -7.299541725028E+00   3.134747809938E-06  -2.264461647607E-04      2.550E-16
  2  6       1.00       2.00       3.00 **PmatFit parameters
   0.000000000000E+00   0.000000000000E+00   0.000000000000E+00      0.000E+00
  2  7       2.00       3.00       4.00 **VQfit parameters
   0.000000000000E+00   0.000000000000E+00   0.000000000000E+00      0.000E+00
  2  7       1.00       2.00       3.00 **PmatFit parameters
   0.000000000000E+00   0.000000000000E+00   0.000000000000E+00      0.000E+00
  2  8       2.00       3.00       4.00 **VQfit parameters
   0.000000000000E+00   0.000000000000E+00   0.000000000000E+00      0.000E+00
  2  8       1.00       2.00       3.00 **PmatFit parameters
   0.000000000000E+00   0.000000000000E+00   0.000000000000E+00      0.000E+00
  2  9       2.00       3.00       4.00 **VQfit parameters
   0.000000000000E+00   0.000000000000E+00   0.000000000000E+00      0.000E+00
  2  9       1.00       2.00       3.00 **PmatFit parameters
   0.000000000000E+00   0.000000000000E+00   0.000000000000E+00      0.000E+00
  2 10       2.00       3.00       4.00 **VQfit parameters
   0.000000000000E+00   0.000000000000E+00   0.000000000000E+00      0.000E+00
  2 10       1.00       2.00       3.00 **PmatFit parameters
   0.000000000000E+00   0.000000000000E+00   0.000000000000E+00      0.000E+00
  2 11       2.00       3.00       4.00 **VQfit parameters
   0.000000000000E+00   0.000000000000E+00   0.000000000000E+00      0.000E+00
  2 11       1.00       2.00       3.00 **PmatFit parameters
   0.000000000000E+00   0.000000000000E+00   0.000000000000E+00      0.000E+00
  2 12       2.00       3.00       4.00 **VQfit parameters
   0.000000000000E+00   0.000000000000E+00   0.000000000000E+00      0.000E+00
  2 12       1.00       2.00       3.00 **PmatFit parameters
   0.000000000000E+00   0.000000000000E+00   0.000000000000E+00      0.000E+00
  3  3       0.00       2.00       3.00 **VQfit parameters
   2.499999997574E+00   1.525196688551E-04  -1.470965313109E-02      2.571E-12
  3  4       2.00       3.00       4.00 **VQfit parameters
   0.000000000000E+00   0.000000000000E+00   0.000000000000E+00      0.000E+00
  3  4       1.00       2.00       3.00 **PmatFit parameters
   0.000000000000E+00   0.000000000000E+00   0.000000000000E+00      0.000E+00
  3  5       2.00       3.00       4.00 **VQfit parameters
   0.000000000000E+00   0.000000000000E+00   0.000000000000E+00      0.000E+00
  3  5       1.00       2.00       3.00 **PmatFit parameters
   1.732050822623E+00  -4.356409965907E-06   3.150332958694E-04      3.729E-14
  3  6       2.00       3.00       4.00 **VQfit parameters
   0.000000000000E+00   0.000000000000E+00   0.000000000000E+00      0.000E+00
  3  6       1.00       2.00       3.00 **PmatFit parameters
   0.000000000000E+00   0.000000000000E+00   0.000000000000E+00      0.000E+00
  3  7       2.00       3.00       4.00 **VQfit parameters
  -1.264317713460E+01   3.949640830407E-06  -2.853740120137E-04      3.736E-16
  3  7       1.00       2.00       3.00 **PmatFit parameters
   0.000000000000E+00   0.000000000000E+00   0.000000000000E+00      0.000E+00
  3  8       2.00       3.00       4.00 **VQfit parameters
   0.000000000000E+00   0.000000000000E+00   0.000000000000E+00      0.000E+00
  3  8       1.00       2.00       3.00 **PmatFit parameters
   0.000000000000E+00   0.000000000000E+00   0.000000000000E+00      0.000E+00
  3  9       2.00       3.00       4.00 **VQfit parameters
   0.000000000000E+00   0.000000000000E+00   0.000000000000E+00      0.000E+00
  3  9       1.00       2.00       3.00 **PmatFit parameters
   0.000000000000E+00   0.000000000000E+00   0.000000000000E+00      0.000E+00
  3 10       2.00       3.00       4.00 **VQfit parameters
   0.000000000000E+00   0.000000000000E+00   0.000000000000E+00      0.000E+00
  3 10       1.00       2.00       3.00 **PmatFit parameters
   0.000000000000E+00   0.000000000000E+00   0.000000000000E+00      0.000E+00
  3 11       2.00       3.00       4.00 **VQfit parameters
   0.000000000000E+00   0.000000000000E+00   0.000000000000E+00      0.000E+00
  3 11       1.00       2.00       3.00 **PmatFit parameters
   0.000000000000E+00   0.000000000000E+00   0.000000000000E+00      0.000E+00
  3 12       2.00       3.00       4.00 **VQfit parameters
   0.000000000000E+00   0.000000000000E+00   0.000000000000E+00      0.000E+00
  3 12       1.00       2.00       3.00 **PmatFit parameters
   0.000000000000E+00   0.000000000000E+00   0.000000000000E+00      0.000E+00
  4  4       0.00       2.00       3.00 **VQfit parameters
   3.499999997869E+00   1.339372108425E-04  -1.291806102469E-02      2.258E-12
  4  5       2.00       3.00       4.00 **VQfit parameters
   0.000000000000E+00   0.000000000000E+00   0.000000000000E+00      0.000E+00
  4  5       1.00       2.00       3.00 **PmatFit parameters
   0.000000000000E+00   0.000000000000E+00   0.000000000000E+00      0.000E+00
  4  6       2.00       3.00       4.00 **VQfit parameters
   0.000000000000E+00   0.000000000000E+00   0.000000000000E+00      0.000E+00
  4  6       1.00       2.00       3.00 **PmatFit parameters
   2.236067994045E+00  -4.788000908738E-06   3.462616979532E-04      4.222E-14
  4  7       2.00       3.00       4.00 **VQfit parameters
   0.000000000000E+00   0.000000000000E+00   0.000000000000E+00      0.000E+00
  4  7       1.00       2.00       3.00 **PmatFit parameters
   0.000000000000E+00   0.000000000000E+00   0.000000000000E+00      0.000E+00
  4  8       2.00       3.00       4.00 **VQfit parameters
  -1.931277202106E+01  -1.140948500549E-05   8.253962362721E-04      6.410E-16
  4  8       1.00       2.00       3.00 **PmatFit parameters
   0.000000000000E+00   0.000000000000E+00   0.000000000000E+00      0.000E+00
  4  9       2.00       3.00       4.00 **VQfit parameters
   0.000000000000E+00   0.000000000000E+00   0.000000000000E+00      0.000E+00
  4  9       1.00       2.00       3.00 **PmatFit parameters
   0.000000000000E+00   0.000000000000E+00   0.000000000000E+00      0.000E+00
  4 10       2.00       3.00       4.00 **VQfit parameters
   0.000000000000E+00   0.000000000000E+00   0.000000000000E+00      0.000E+00
  4 10       1.00       2.00       3.00 **PmatFit parameters
   0.000000000000E+00   0.000000000000E+00   0.000000000000E+00      0.000E+00
  4 11       2.00       3.00       4.00 **VQfit parameters
   0.000000000000E+00   0.000000000000E+00   0.000000000000E+00      0.000E+00
  4 11       1.00       2.00       3.00 **PmatFit parameters
   0.000000000000E+00   0.000000000000E+00   0.000000000000E+00      0.000E+00
  4 12       2.00       3.00       4.00 **VQfit parameters
   0.000000000000E+00   0.000000000000E+00   0.000000000000E+00      0.000E+00
  4 12       1.00       2.00       3.00 **PmatFit parameters
   0.000000000000E+00   0.000000000000E+00   0.000000000000E+00      0.000E+00
  5  5       0.00       2.00       3.00 **VQfit parameters
   4.499999999356E+00   4.047561231792E-05  -3.903711823938E-03      6.822E-13
  5  6       2.00       3.00       4.00 **VQfit parameters
   0.000000000000E+00   0.000000000000E+00   0.000000000000E+00      0.000E+00
  5  6       1.00       2.00       3.00 **PmatFit parameters
   0.000000000000E+00   0.000000000000E+00   0.000000000000E+00      0.000E+00
  5  7       2.00       3.00       4.00 **VQfit parameters
   0.000000000000E+00   0.000000000000E+00   0.000000000000E+00      0.000E+00
  5  7       1.00       2.00       3.00 **PmatFit parameters
   2.738612788327E+00  -2.304666039765E-07   1.657319033725E-05      5.307E-15
  5  8       2.00       3.00       4.00 **VQfit parameters
   0.000000000000E+00   0.000000000000E+00   0.000000000000E+00      0.000E+00
  5  8       1.00       2.00       3.00 **PmatFit parameters
   0.000000000000E+00   0.000000000000E+00   0.000000000000E+00      0.000E+00
  5  9       2.00       3.00       4.00 **VQfit parameters
   0.000000000000E+00   0.000000000000E+00   0.000000000000E+00      0.000E+00
  5  9       1.00       2.00       3.00 **PmatFit parameters
   0.000000000000E+00   0.000000000000E+00   0.000000000000E+00      0.000E+00
  5 10       2.00       3.00       4.00 **VQfit parameters
   0.000000000000E+00   0.000000000000E+00   0.000000000000E+00      0.000E+00
  5 10       1.00       2.00       3.00 **PmatFit parameters
   0.000000000000E+00   0.000000000000E+00   0.000000000000E+00      0.000E+00
  5 11       2.00       3.00       4.00 **VQfit parameters
   0.000000000000E+00   0.000000000000E+00   0.000000000000E+00      0.000E+00
  5 11       1.00       2.00       3.00 **PmatFit parameters
   0.000000000000E+00   0.000000000000E+00   0.000000000000E+00      0.000E+00
  5 12       2.00       3.00       4.00 **VQfit parameters
   0.000000000000E+00   0.000000000000E+00   0.000000000000E+00      0.000E+00
  5 12       1.00       2.00       3.00 **PmatFit parameters
   0.000000000000E+00   0.000000000000E+00   0.000000000000E+00      0.000E+00
  6  6       0.00       2.00       3.00 **VQfit parameters
   5.499999996482E+00   2.211436224227E-04  -2.132894744900E-02      3.728E-12
  6  7       2.00       3.00       4.00 **VQfit parameters
   0.000000000000E+00   0.000000000000E+00   0.000000000000E+00      0.000E+00
  6  7       1.00       2.00       3.00 **PmatFit parameters
   0.000000000000E+00   0.000000000000E+00   0.000000000000E+00      0.000E+00
  6  8       2.00       3.00       4.00 **VQfit parameters
   0.000000000000E+00   0.000000000000E+00   0.000000000000E+00      0.000E+00
  6  8       1.00       2.00       3.00 **PmatFit parameters
   3.240370356682E+00  -2.163223617237E-06   1.563695094315E-04      2.040E-14
  6  9       2.00       3.00       4.00 **VQfit parameters
   0.000000000000E+00   0.000000000000E+00   0.000000000000E+00      0.000E+00
  6  9       1.00       2.00       3.00 **PmatFit parameters
   0.000000000000E+00   0.000000000000E+00   0.000000000000E+00      0.000E+00
  6 10       2.00       3.00       4.00 **VQfit parameters
   0.000000000000E+00   0.000000000000E+00   0.000000000000E+00      0.000E+00
  6 10       1.00       2.00       3.00 **PmatFit parameters
   0.000000000000E+00   0.000000000000E+00   0.000000000000E+00      0.000E+00
  6 11       2.00       3.00       4.00 **VQfit parameters
   0.000000000000E+00   0.000000000000E+00   0.000000000000E+00      0.000E+00
  6 11       1.00       2.00       3.00 **PmatFit parameters
   0.000000000000E+00   0.000000000000E+00   0.000000000000E+00      0.000E+00
  6 12       2.00       3.00       4.00 **VQfit parameters
   0.000000000000E+00   0.000000000000E+00   0.000000000000E+00      0.000E+00
  6 12       1.00       2.00       3.00 **PmatFit parameters
   0.000000000000E+00   0.000000000000E+00   0.000000000000E+00      0.000E+00
  7  7       0.00       2.00       3.00 **VQfit parameters
   6.500000000743E+00  -4.673079926227E-05   4.507174600376E-03      7.878E-13
  7  8       2.00       3.00       4.00 **VQfit parameters
   0.000000000000E+00   0.000000000000E+00   0.000000000000E+00      0.000E+00
  7  8       1.00       2.00       3.00 **PmatFit parameters
   0.000000000000E+00   0.000000000000E+00   0.000000000000E+00      0.000E+00
  7  9       2.00       3.00       4.00 **VQfit parameters
   0.000000000000E+00   0.000000000000E+00   0.000000000000E+00      0.000E+00
  7  9       1.00       2.00       3.00 **PmatFit parameters
   0.000000000000E+00   0.000000000000E+00   0.000000000000E+00      0.000E+00
  7 10       2.00       3.00       4.00 **VQfit parameters
   0.000000000000E+00   0.000000000000E+00   0.000000000000E+00      0.000E+00
  7 10       1.00       2.00       3.00 **PmatFit parameters
   0.000000000000E+00   0.000000000000E+00   0.000000000000E+00      0.000E+00
  7 11       2.00       3.00       4.00 **VQfit parameters
   0.000000000000E+00   0.000000000000E+00   0.000000000000E+00      0.000E+00
  7 11       1.00       2.00       3.00 **PmatFit parameters
   0.000000000000E+00   0.000000000000E+00   0.000000000000E+00      0.000E+00
  7 12       2.00       3.00       4.00 **VQfit parameters
   0.000000000000E+00   0.000000000000E+00   0.000000000000E+00      0.000E+00
  7 12       1.00       2.00       3.00 **PmatFit parameters
   0.000000000000E+00   0.000000000000E+00   0.000000000000E+00      0.000E+00
  8  8       0.00       2.00       3.00 **VQfit parameters
   7.499999993907E+00   3.830460716943E-04  -3.694379474476E-02      6.457E-12
  8  9       2.00       3.00       4.00 **VQfit parameters
   0.000000000000E+00   0.000000000000E+00   0.000000000000E+00      0.000E+00
  8  9       1.00       2.00       3.00 **PmatFit parameters
   0.000000000000E+00   0.000000000000E+00   0.000000000000E+00      0.000E+00
  8 10       2.00       3.00       4.00 **VQfit parameters
   0.000000000000E+00   0.000000000000E+00   0.000000000000E+00      0.000E+00
  8 10       1.00       2.00       3.00 **PmatFit parameters
   0.000000000000E+00   0.000000000000E+00   0.000000000000E+00      0.000E+00
  8 11       2.00       3.00       4.00 **VQfit parameters
   0.000000000000E+00   0.000000000000E+00   0.000000000000E+00      0.000E+00
  8 11       1.00       2.00       3.00 **PmatFit parameters
   0.000000000000E+00   0.000000000000E+00   0.000000000000E+00      0.000E+00
  8 12       2.00       3.00       4.00 **VQfit parameters
   0.000000000000E+00   0.000000000000E+00   0.000000000000E+00      0.000E+00
  8 12       1.00       2.00       3.00 **PmatFit parameters
   0.000000000000E+00   0.000000000000E+00   0.000000000000E+00      0.000E+00
  9  9       0.00       2.00       3.00 **VQfit parameters
   6.323771586718E+03  -1.991720996032E+08   1.536850052310E+10      7.794E-02
  9 10       2.00       3.00       4.00 **VQfit parameters
   0.000000000000E+00   0.000000000000E+00   0.000000000000E+00      0.000E+00
  9 10       1.00       2.00       3.00 **PmatFit parameters
   0.000000000000E+00   0.000000000000E+00   0.000000000000E+00      0.000E+00
  9 11       2.00       3.00       4.00 **VQfit parameters
   0.000000000000E+00   0.000000000000E+00   0.000000000000E+00      0.000E+00
  9 11       1.00       2.00       3.00 **PmatFit parameters
  -7.117450019819E-01   5.735620326951E-07  -4.147984091702E-05      5.326E-15
  9 12       2.00       3.00       4.00 **VQfit parameters
   0.000000000000E+00   0.000000000000E+00   0.000000000000E+00      0.000E+00
  9 12       1.00       2.00       3.00 **PmatFit parameters
   0.000000000000E+00   0.000000000000E+00   0.000000000000E+00      0.000E+00
 10 10       0.00       2.00       3.00 **VQfit parameters
   6.307777811765E+03  -1.988370235515E+08   1.534425926146E+10      7.784E-02
 10 11       2.00       3.00       4.00 **VQfit parameters
   0.000000000000E+00   0.000000000000E+00   0.000000000000E+00      0.000E+00
 10 11       1.00       2.00       3.00 **PmatFit parameters
   0.000000000000E+00   0.000000000000E+00   0.000000000000E+00      0.000E+00
 10 12       2.00       3.00       4.00 **VQfit parameters
   0.000000000000E+00   0.000000000000E+00   0.000000000000E+00      0.000E+00
 10 12       1.00       2.00       3.00 **PmatFit parameters
  -7.117450019819E-01   5.735620326951E-07  -4.147984091702E-05      5.326E-15
 11 11       0.00       2.00       3.00 **VQfit parameters
   5.932680556929E+03  -1.990826676018E+08   1.536203051685E+10      7.791E-02
 11 12       2.00       3.00       4.00 **VQfit parameters
   0.000000000000E+00   0.000000000000E+00   0.000000000000E+00      0.000E+00
 11 12       1.00       2.00       3.00 **PmatFit parameters
   0.000000000000E+00   0.000000000000E+00   0.000000000000E+00      0.000E+00
 12 12       0.00       2.00       3.00 **VQfit parameters
   5.925224282206E+03  -1.989264555939E+08   1.535072927167E+10      7.787E-02
