          10         800
  1  1       0.00       2.00       3.00 **VQfit parameters
   5.000000000000E-01   0.000000000000E+00   0.000000000000E+00      0.000E+00
  1  2       2.00       3.00       4.00 **VQfit parameters
   0.000000000000E+00   0.000000000000E+00   0.000000000000E+00      0.000E+00
  1  2       1.00       2.00       3.00 **PmatFit parameters
   0.000000000000E+00   0.000000000000E+00   0.000000000000E+00      0.000E+00
  1  3       2.00       3.00       4.00 **VQfit parameters
   0.000000000000E+00   0.000000000000E+00   0.000000000000E+00      0.000E+00
  1  3       1.00       2.00       3.00 **PmatFit parameters
   7.071067806860E-01   9.481196054213E-08  -4.485638106120E-06      4.358E-15
  1  4       2.00       3.00       4.00 **VQfit parameters
   0.000000000000E+00   0.000000000000E+00   0.000000000000E+00      0.000E+00
  1  4       1.00       2.00       3.00 **PmatFit parameters
   0.000000000000E+00   0.000000000000E+00   0.000000000000E+00      0.000E+00
  1  5       2.00       3.00       4.00 **VQfit parameters
  -3.264454293708E+00  -3.394956288642E-07   1.604820130259E-05      1.646E-16
  1  5       1.00       2.00       3.00 **PmatFit parameters
   0.000000000000E+00   0.000000000000E+00   0.000000000000E+00      0.000E+00
  1  6       2.00       3.00       4.00 **VQfit parameters
   0.000000000000E+00   0.000000000000E+00   0.000000000000E+00      0.000E+00
  1  6       1.00       2.00       3.00 **PmatFit parameters
   0.000000000000E+00   0.000000000000E+00   0.000000000000E+00      0.000E+00
  1  7       2.00       3.00       4.00 **VQfit parameters
   0.000000000000E+00   0.000000000000E+00   0.000000000000E+00      0.000E+00
  1  7       1.00       2.00       3.00 **PmatFit parameters
   0.000000000000E+00   0.000000000000E+00   0.000000000000E+00      0.000E+00
  1  8       2.00       3.00       4.00 **VQfit parameters
   0.000000000000E+00   0.000000000000E+00   0.000000000000E+00      0.000E+00
  1  8       1.00       2.00       3.00 **PmatFit parameters
   0.000000000000E+00   0.000000000000E+00   0.000000000000E+00      0.000E+00
  1  9       2.00       3.00       4.00 **VQfit parameters
   0.000000000000E+00   0.000000000000E+00   0.000000000000E+00      0.000E+00
  1  9       1.00       2.00       3.00 **PmatFit parameters
   0.000000000000E+00   0.000000000000E+00   0.000000000000E+00      0.000E+00
  1 10       2.00       3.00       4.00 **VQfit parameters
   0.000000000000E+00   0.000000000000E+00   0.000000000000E+00      0.000E+00
  1 10       1.00       2.00       3.00 **PmatFit parameters
   0.000000000000E+00   0.000000000000E+00   0.000000000000E+00      0.000E+00
  2  2       0.00       2.00       3.00 **VQfit parameters
   1.499999999738E+00   7.047152880027E-06  -4.445275631025E-04      6.383E-13
  2  3       2.00       3.00       4.00 **VQfit parameters
   0.000000000000E+00   0.000000000000E+00   0.000000000000E+00      0.000E+00
  2  3       1.00       2.00       3.00 **PmatFit parameters
   0.000000000000E+00   0.000000000000E+00   0.000000000000E+00      0.000E+00
  2  4       2.00       3.00       4.00 **VQfit parameters
   0.000000000000E+00   0.000000000000E+00   0.000000000000E+00      0.000E+00
  2  4       1.00       2.00       3.00 **PmatFit parameters
   1.224744870751E+00   1.214070661738E-07  -5.743154779311E-06      6.671E-15
  2  5       2.00       3.00       4.00 **VQfit parameters
   0.000000000000E+00   0.000000000000E+00   0.000000000000E+00      0.000E+00
  2  5       1.00       2.00       3.00 **PmatFit parameters
   0.000000000000E+00   0.000000000000E+00   0.000000000000E+00      0.000E+00
  2  6       2.00       3.00       4.00 **VQfit parameters
  -7.299541724301E+00   1.915191929248E-06  -9.055911023574E-05      9.037E-16
  2  6       1.00       2.00       3.00 **PmatFit parameters
   0.000000000000E+00   0.000000000000E+00   0.000000000000E+00      0.000E+00
  2  7       2.00       3.00       4.00 **VQfit parameters
   0.000000000000E+00   0.000000000000E+00   0.000000000000E+00      0.000E+00
  2  7       1.00       2.00       3.00 **PmatFit parameters
   0.000000000000E+00   0.000000000000E+00   0.000000000000E+00      0.000E+00
  2  8       2.00       3.00       4.00 **VQfit parameters
   0.000000000000E+00   0.000000000000E+00   0.000000000000E+00      0.000E+00
  2  8       1.00       2.00       3.00 **PmatFit parameters
   0.000000000000E+00   0.000000000000E+00   0.000000000000E+00      0.000E+00
  2  9       2.00       3.00       4.00 **VQfit parameters
   0.000000000000E+00   0.000000000000E+00   0.000000000000E+00      0.000E+00
  2  9       1.00       2.00       3.00 **PmatFit parameters
   0.000000000000E+00   0.000000000000E+00   0.000000000000E+00      0.000E+00
  2 10       2.00       3.00       4.00 **VQfit parameters
   0.000000000000E+00   0.000000000000E+00   0.000000000000E+00      0.000E+00
  2 10       1.00       2.00       3.00 **PmatFit parameters
   0.000000000000E+00   0.000000000000E+00   0.000000000000E+00      0.000E+00
  3  3       0.00       2.00       3.00 **VQfit parameters
   2.500000000038E+00  -1.018884522632E-06   6.431984117347E-05      9.245E-14
  3  4       2.00       3.00       4.00 **VQfit parameters
   0.000000000000E+00   0.000000000000E+00   0.000000000000E+00      0.000E+00
  3  4       1.00       2.00       3.00 **PmatFit parameters
   0.000000000000E+00   0.000000000000E+00   0.000000000000E+00      0.000E+00
  3  5       2.00       3.00       4.00 **VQfit parameters
   0.000000000000E+00   0.000000000000E+00   0.000000000000E+00      0.000E+00
  3  5       1.00       2.00       3.00 **PmatFit parameters
   1.732050808419E+00  -1.612109512433E-07   7.634391882040E-06      6.890E-15
  3  6       2.00       3.00       4.00 **VQfit parameters
   0.000000000000E+00   0.000000000000E+00   0.000000000000E+00      0.000E+00
  3  6       1.00       2.00       3.00 **PmatFit parameters
   0.000000000000E+00   0.000000000000E+00   0.000000000000E+00      0.000E+00
  3  7       2.00       3.00       4.00 **VQfit parameters
   0.000000000000E+00   0.000000000000E+00   0.000000000000E+00      0.000E+00
  3  7       1.00       2.00       3.00 **PmatFit parameters
   0.000000000000E+00   0.000000000000E+00   0.000000000000E+00      0.000E+00
  3  8       2.00       3.00       4.00 **VQfit parameters
   0.000000000000E+00   0.000000000000E+00   0.000000000000E+00      0.000E+00
  3  8       1.00       2.00       3.00 **PmatFit parameters
   0.000000000000E+00   0.000000000000E+00   0.000000000000E+00      0.000E+00
  3  9       2.00       3.00       4.00 **VQfit parameters
   0.000000000000E+00   0.000000000000E+00   0.000000000000E+00      0.000E+00
  3  9       1.00       2.00       3.00 **PmatFit parameters
   0.000000000000E+00   0.000000000000E+00   0.000000000000E+00      0.000E+00
  3 10       2.00       3.00       4.00 **VQfit parameters
   0.000000000000E+00   0.000000000000E+00   0.000000000000E+00      0.000E+00
  3 10       1.00       2.00       3.00 **PmatFit parameters
   0.000000000000E+00   0.000000000000E+00   0.000000000000E+00      0.000E+00
  4  4       0.00       2.00       3.00 **VQfit parameters
   3.499999999813E+00   5.026391590442E-06  -3.170301457779E-04      4.553E-13
  4  5       2.00       3.00       4.00 **VQfit parameters
   0.000000000000E+00   0.000000000000E+00   0.000000000000E+00      0.000E+00
  4  5       1.00       2.00       3.00 **PmatFit parameters
   0.000000000000E+00   0.000000000000E+00   0.000000000000E+00      0.000E+00
  4  6       2.00       3.00       4.00 **VQfit parameters
   0.000000000000E+00   0.000000000000E+00   0.000000000000E+00      0.000E+00
  4  6       1.00       2.00       3.00 **PmatFit parameters
   2.236067975339E+00   4.094959254004E-07  -1.938082776338E-05      1.914E-14
  4  7       2.00       3.00       4.00 **VQfit parameters
   0.000000000000E+00   0.000000000000E+00   0.000000000000E+00      0.000E+00
  4  7       1.00       2.00       3.00 **PmatFit parameters
   0.000000000000E+00   0.000000000000E+00   0.000000000000E+00      0.000E+00
  4  8       2.00       3.00       4.00 **VQfit parameters
   0.000000000000E+00   0.000000000000E+00   0.000000000000E+00      0.000E+00
  4  8       1.00       2.00       3.00 **PmatFit parameters
   0.000000000000E+00   0.000000000000E+00   0.000000000000E+00      0.000E+00
  4  9       2.00       3.00       4.00 **VQfit parameters
   0.000000000000E+00   0.000000000000E+00   0.000000000000E+00      0.000E+00
  4  9       1.00       2.00       3.00 **PmatFit parameters
   0.000000000000E+00   0.000000000000E+00   0.000000000000E+00      0.000E+00
  4 10       2.00       3.00       4.00 **VQfit parameters
   0.000000000000E+00   0.000000000000E+00   0.000000000000E+00      0.000E+00
  4 10       1.00       2.00       3.00 **PmatFit parameters
   0.000000000000E+00   0.000000000000E+00   0.000000000000E+00      0.000E+00
  5  5       0.00       2.00       3.00 **VQfit parameters
   4.499999998616E+00   3.729054120108E-05  -2.352419762882E-03      3.378E-12
  5  6       2.00       3.00       4.00 **VQfit parameters
   0.000000000000E+00   0.000000000000E+00   0.000000000000E+00      0.000E+00
  5  6       1.00       2.00       3.00 **PmatFit parameters
   0.000000000000E+00   0.000000000000E+00   0.000000000000E+00      0.000E+00
  5  7       2.00       3.00       4.00 **VQfit parameters
   0.000000000000E+00   0.000000000000E+00   0.000000000000E+00      0.000E+00
  5  7       1.00       2.00       3.00 **PmatFit parameters
   0.000000000000E+00   0.000000000000E+00   0.000000000000E+00      0.000E+00
  5  8       2.00       3.00       4.00 **VQfit parameters
   0.000000000000E+00   0.000000000000E+00   0.000000000000E+00      0.000E+00
  5  8       1.00       2.00       3.00 **PmatFit parameters
   0.000000000000E+00   0.000000000000E+00   0.000000000000E+00      0.000E+00
  5  9       2.00       3.00       4.00 **VQfit parameters
   0.000000000000E+00   0.000000000000E+00   0.000000000000E+00      0.000E+00
  5  9       1.00       2.00       3.00 **PmatFit parameters
   0.000000000000E+00   0.000000000000E+00   0.000000000000E+00      0.000E+00
  5 10       2.00       3.00       4.00 **VQfit parameters
   0.000000000000E+00   0.000000000000E+00   0.000000000000E+00      0.000E+00
  5 10       1.00       2.00       3.00 **PmatFit parameters
   0.000000000000E+00   0.000000000000E+00   0.000000000000E+00      0.000E+00
  6  6       0.00       2.00       3.00 **VQfit parameters
   5.500000000038E+00  -1.018884522632E-06   6.431984117347E-05      9.244E-14
  6  7       2.00       3.00       4.00 **VQfit parameters
   0.000000000000E+00   0.000000000000E+00   0.000000000000E+00      0.000E+00
  6  7       1.00       2.00       3.00 **PmatFit parameters
   0.000000000000E+00   0.000000000000E+00   0.000000000000E+00      0.000E+00
  6  8       2.00       3.00       4.00 **VQfit parameters
   0.000000000000E+00   0.000000000000E+00   0.000000000000E+00      0.000E+00
  6  8       1.00       2.00       3.00 **PmatFit parameters
   0.000000000000E+00   0.000000000000E+00   0.000000000000E+00      0.000E+00
  6  9       2.00       3.00       4.00 **VQfit parameters
   0.000000000000E+00   0.000000000000E+00   0.000000000000E+00      0.000E+00
  6  9       1.00       2.00       3.00 **PmatFit parameters
   0.000000000000E+00   0.000000000000E+00   0.000000000000E+00      0.000E+00
  6 10       2.00       3.00       4.00 **VQfit parameters
   0.000000000000E+00   0.000000000000E+00   0.000000000000E+00      0.000E+00
  6 10       1.00       2.00       3.00 **PmatFit parameters
   0.000000000000E+00   0.000000000000E+00   0.000000000000E+00      0.000E+00
  7  7       0.00       2.00       3.00 **VQfit parameters
   2.704310740149E+03  -3.661157220467E+07   1.848091358674E+09      1.170E-01
  7  8       2.00       3.00       4.00 **VQfit parameters
   0.000000000000E+00   0.000000000000E+00   0.000000000000E+00      0.000E+00
  7  8       1.00       2.00       3.00 **PmatFit parameters
   0.000000000000E+00   0.000000000000E+00   0.000000000000E+00      0.000E+00
  7  9       2.00       3.00       4.00 **VQfit parameters
   0.000000000000E+00   0.000000000000E+00   0.000000000000E+00      0.000E+00
  7  9       1.00       2.00       3.00 **PmatFit parameters
   7.071067806860E-01   9.481196054213E-08  -4.485638106120E-06      4.358E-15
  7 10       2.00       3.00       4.00 **VQfit parameters
   0.000000000000E+00   0.000000000000E+00   0.000000000000E+00      0.000E+00
  7 10       1.00       2.00       3.00 **PmatFit parameters
   0.000000000000E+00   0.000000000000E+00   0.000000000000E+00      0.000E+00
  8  8       0.00       2.00       3.00 **VQfit parameters
   2.693837362640E+03  -3.651756788358E+07   1.843642046166E+09      1.168E-01
  8  9       2.00       3.00       4.00 **VQfit parameters
   0.000000000000E+00   0.000000000000E+00   0.000000000000E+00      0.000E+00
  8  9       1.00       2.00       3.00 **PmatFit parameters
   0.000000000000E+00   0.000000000000E+00   0.000000000000E+00      0.000E+00
  8 10       2.00       3.00       4.00 **VQfit parameters
   0.000000000000E+00   0.000000000000E+00   0.000000000000E+00      0.000E+00
  8 10       1.00       2.00       3.00 **PmatFit parameters
   7.071067806860E-01   9.481196054213E-08  -4.485638106120E-06      4.358E-15
  9  9       0.00       2.00       3.00 **VQfit parameters
   2.314693107898E+03  -3.658648238295E+07   1.846903833964E+09      1.169E-01
  9 10       2.00       3.00       4.00 **VQfit parameters
   0.000000000000E+00   0.000000000000E+00   0.000000000000E+00      0.000E+00
  9 10       1.00       2.00       3.00 **PmatFit parameters
   0.000000000000E+00   0.000000000000E+00   0.000000000000E+00      0.000E+00
 10 10       0.00       2.00       3.00 **VQfit parameters
   2.309810435022E+03  -3.654265770883E+07   1.844829571100E+09      1.168E-01
