 FitRangeMin =  -4.9999999999999858     
 FitRangeMax =   1.4493189532240001E-014

